2
3
4
4
5
6
7
11
12
12
15
16
16
17
17
18
19
24
24
27
28
31
31
33
34
34
38
39
40
42
42
44
46
48
48
49
49
49
52
53
55
55
56
56
56
58
59
60
60
60
61
61
62
62
64
64
67
67
72
75
79
80
81
84
84
86
86
87
87
87
88
89
90
92
93
94
96
96
97
100
100
101
102
102
103
103
107
107
108
108
109
110
111
112
112
114
115
115
115
119
119
120
121
123
124
126
127
127
129
129
130
131
131
132
132
133
135
136
137
138
138
142
142
143
143
144
144
147
148
149
149
150
150
151
151
153
154
154
154
156
156
158
158
159
162
163
163
164
165
166
166
166
166
166
168
168
168
170
172
172
173
176
176
177
177
181
182
183
186
190
190
191
192
193
195
195
197
198
199
201
204
204
205
207
210
210
211
212
212
213
213
214
217
217
217
218
218
219
220
222
223
226
227
227
228
229
229
230
231
231
232
233
235
236
237
238
238
240
241
241
242
243
243
243
243
244
245
246
248
248
248
250
254
255
256
258
258
259
260
260
260
260
261
262
264
265
267
270
274
275
275
275
276
276
277
277
281
282
286
286
287
288
288
290
291
292
293
294
294
294
294
295
295
296
297
298
298
302
304
305
305
306
306
306
308
310
310
310
312
314
314
316
318
319
320
321
322
323
323
325
326
327
328
330
332
333
333
333
334
337
338
339
341
342
342
343
343
345
345
347
347
348
348
348
350
352
352
352
352
353
354
355
356
359
360
361
362
363
365
365
365
366
369
370
370
371
372
372
373
375
376
378
379
381
381
381
382
384
386
386
387
387
387
387
387
388
388
388
389
390
392
392
392
393
394
394
394
395
397
398
400
403
403
403
404
404
404
405
405
405
407
408
409
409
410
411
411
412
412
413
414
414
415
416
417
419
419
420
421
422
427
427
427
428
432
434
435
436
437
439
440
440
442
442
445
445
445
446
446
446
446
447
447
447
449
449
450
450
451
452
452
452
453
454
454
454
455
456
457
458
459
460
460
461
463
465
468
470
470
470
471
471
471
471
473
473
473
473
474
474
475
476
476
476
477
478
478
478
478
480
480
481
481
482
482
483
484
485
487
489
490
492
492
492
496
496
497
498
498
499
501
501
502
502
503
510
511
511
512
513
513
514
515
515
518
518
519
519
519
520
522
523
523
525
529
532
537
539
542
542
548
549
551
552
553
558
558
560
561
562
563
563
564
565
565
565
566
567
570
571
571
572
573
573
574
575
577
577
578
579
580
581
582
583
584
585
585
587
589
592
592
592
593
593
599
599
600
603
603
604
604
605
605
607
609
609
609
610
612
614
614
615
615
616
619
621
621
621
622
622
625
626
626
627
628
629
631
631
631
632
633
635
636
637
639
639
639
642
642
644
645
646
647
649
650
650
652
652
652
654
654
655
657
657
658
658
659
660
660
661
661
661
663
663
663
666
666
667
667
668
668
668
669
669
670
670
670
671
673
675
677
677
678
681
682
682
682
685
688
688
688
689
693
693
694
694
698
699
699
699
700
701
703
705
709
709
711
714
714
716
716
718
718
719
721
721
722
723
725
727
728
728
728
730
731
731
733
734
735
735
737
737
739
742
744
745
749
749
750
750
751
752
753
754
755
755
756
757
757
759
759
759
760
760
765
766
766
768
768
768
769
769
769
770
770
771
773
775
776
777
778
780
780
781
782
784
786
789
789
789
790
791
792
792
795
796
796
797
797
799
799
800
802
802
803
804
806
806
808
808
813
814
816
818
819
821
822
823
824
824
826
827
830
832
832
833
833
836
837
839
840
844
847
847
848
848
849
849
850
850
852
853
853
854
854
856
856
857
857
858
863
863
864
864
864
865
866
868
869
869
870
872
874
874
875
875
876
876
877
877
878
880
881
883
883
883
884
886
886
886
887
888
888
889
889
890
893
896
896
898
899
900
904
905
905
907
908
908
911
911
912
912
914
915
915
915
917
918
919
919
920
922
924
925
926
927
928
929
932
932
934
935
935
936
940
940
941
942
943
946
946
946
950
951
954
955
955
955
958
959
959
959
962
963
965
966
966
966
970
970
972
972
973
974
974
974
980
981
984
987
988
988
988
989
989
992
993
993
993
995
996
996
998
998
999
999
1000
1004
1005
1006
1006
1006
1008
1009
1010
1010
1011
1012
1012
1015
1017
1017
1020
1021
1021
1022
1025
1025
1027
1027
1029
1029
1029
1030
1031
1031
1032
1034
1035
1035
1036
1036
1037
1039
1041
1041
1041
1042
1042
1043
1044
1045
1045
1046
1047
1047
1049
1049
1049
1049
1051
1051
1054
1057
1057
1060
1061
1062
1062
1064
1066
1067
1067
1068
1068
1069
1070
1071
1071
1072
1073
1073
1073
1075
1075
1076
1076
1076
1077
1079
1082
1082
1082
1083
1085
1085
1087
1087
1088
1088
1090
1090
1092
1092
1092
1094
1095
1095
1096
1096
1097
1097
1098
1100
1100
1104
1106
1107
1110
1110
1111
1111
1111
1111
1113
1114
1114
1114
1115
1116
1116
1116
1117
1117
1117
1118
1118
1118
1119
1119
1120
1120
1121
1122
1122
1124
1124
1125
1126
1127
1131
1134
1135
1139
1139
1140
1142
1143
1143
1144
1144
1145
1145
1145
1146
1146
1147
1147
1147
1148
1149
1150
1151
1154
1154
1154
1155
1155
1156
1157
1158
1160
1160
1162
1162
1163
1164
1164
1165
1168
1170
1171
1171
1172
1173
1174
1174
1174
1175
1175
1175
1176
1177
1178
1179
1179
1180
1180
1180
1181
1181
1181
1184
1184
1185
1186
1187
1187
1188
1189
1189
1190
1191
1192
1193
1194
1195
1198
1199
1201
1202
1203
1205
1207
1207
1209
1216
1216
1216
1220
1220
1221
1222
1225
1226
1227
1228
1229
1230
1230
1231
1231
1232
1232
1233
1234
1236
1237
1237
1237
1239
1241
1242
1242
1243
1244
1249
1249
1250
1250
1250
1251
1251
1252
1253
1253
1253
1253
1254
1254
1255
1255
1257
1257
1258
1259
1259
1260
1260
1260
1261
1264
1266
1268
1269
1270
1270
1270
1270
1271
1273
1273
1276
1279
1280
1280
1281
1283
1285
1287
1287
1288
1290
1290
1290
1291
1291
1292
1292
1294
1296
1297
1297
1299
1299
1300
1302
1302
1303
1304
1304
1305
1305
1311
1312
1313
1314
1314
1316
1317
1319
1319
1319
1320
1320
1321
1321
1322
1323
1323
1324
1325
1327
1328
1330
1330
1332
1332
1332
1333
1333
1335
1335
1337
1337
1338
1339
1340
1342
1342
1343
1347
1347
1347
1348
1350
1350
1350
1350
1351
1352
1352
1352
1353
1356
1358
1358
1359
1362
1363
1367
1368
1368
1368
1369
1369
1369
1370
1371
1376
1377
1380
1380
1380
1380
1382
1382
1384
1384
1384
1385
1388
1388
1389
1389
1390
1391
1392
1392
1392
1393
1394
1394
1395
1395
1396
1397
1397
1399
1401
1403
1403
1404
1406
1406
1407
1409
1409
1414
1414
1416
1417
1418
1418
1419
1419
1422
1422
1423
1423
1424
1425
1426
1427
1427
1428
1428
1429
1430
1431
1435
1435
1436
1436
1437
1438
1438
1438
1446
1446
1448
1449
1450
1453
1455
1455
1455
1455
1456
1459
1460
1463
1463
1464
1465
1465
1465
1466
1466
1467
1467
1468
1469
1469
1473
1475
1476
1477
1477
1477
1478
1478
1479
1480
1481
1481
1481
1483
1484
1486
1486
1487
1487
1487
1487
1489
1489
1490
1491
1492
1493
1493
1494
1494
1495
1497
1497
1498
1498
1501
1502
1504
1504
1504
1505
1506
1507
1509
1510
1512
1513
1513
1515
1515
1515
1516
1521
1521
1521
1521
1522
1524
1524
1525
1525
1527
1528
1533
1533
1533
1537
1539
1542
1542
1543
1544
1546
1547
1548
1550
1553
1553
1554
1555
1556
1557
1559
1559
1560
1563
1564
1564
1564
1566
1566
1566
1566
1566
1568
1570
1571
1571
1572
1573
1577
1578
1582
1583
1583
1584
1584
1584
1588
1588
1591
1592
1592
1592
1593
1598
1598
1600
1600
1600
1601
1604
1605
1606
1608
1610
1613
1613
1614
1614
1615
1616
1616
1616
1616
1619
1619
1620
1623
1624
1624
1624
1624
1625
1626
1626
1629
1629
1631
1631
1633
1633
1636
1636
1637
1637
1638
1639
1639
1640
1641
1642
1643
1644
1645
1647
1648
1648
1648
1650
1650
1650
1651
1652
1652
1653
1654
1655
1656
1656
1657
1657
1657
1657
1658
1659
1660
1662
1663
1665
1666
1667
1667
1667
1667
1667
1668
1669
1670
1670
1670
1671
1671
1672
1672
1673
1673
1674
1674
1674
1676
1676
1677
1677
1679
1680
1680
1681
1682
1682
1683
1683
1685
1685
1688
1689
1689
1690
1690
1690
1690
1691
1692
1694
1694
1694
1695
1696
1698
1699
1699
1699
1701
1703
1705
1706
1707
1708
1709
1709
1709
1711
1711
1711
1712
1712
1714
1717
1718
1719
1719
1719
1720
1721
1722
1723
1724
1724
1725
1725
1726
1726
1727
1727
1727
1728
1728
1728
1728
1729
1732
1732
1732
1733
1733
1733
1733
1733
1733
1734
1734
1735
1735
1735
1736
1737
1737
1737
1740
1742
1745
1746
1746
1746
1747
1749
1749
1749
1752
1752
1753
1755
1757
1758
1758
1762
1762
1763
1763
1765
1765
1765
1768
1768
1768
1768
1769
1769
1770
1770
1770
1771
1771
1772
1772
1773
1775
1775
1776
1778
1779
1780
1781
1781
1782
1784
1785
1786
1787
1787
1787
1788
1789
1790
1790
1791
1791
1792
1792
1792
1792
1793
1793
1793
1794
1796
1798
1798
1799
1800
1803
1805
1807
1807
1808
1808
1811
1812
1814
1815
1816
1817
1817
1818
1820
1820
1820
1820
1823
1823
1825
1827
1827
1829
1829
1830
1831
1834
1835
1836
1836
1836
1838
1839
1840
1843
1844
1844
1846
1846
1846
1847
1847
1847
1848
1849
1850
1852
1852
1854
1855
1856
1856
1856
1859
1860
1863
1866
1867
1867
1868
1868
1869
1872
1873
1874
1874
1876
1880
1882
1883
1885
1885
1887
1889
1891
1892
1892
1893
1893
1893
1894
1895
1895
1895
1896
1896
1896
1896
1896
1898
1898
1898
1898
1900
1900
1900
1902
1904
1905
1905
1905
1908
1909
1911
1914
1917
1918
1918
1921
1921
1924
1927
1927
1929
1930
1930
1931
1932
1933
1935
1935
1937
1937
1941
1941
1941
1942
1942
1945
1946
1946
1946
1946
1948
1949
1949
1950
1951
1952
1952
1953
1953
1953
1955
1955
1956
1957
1958
1959
1959
1960
1960
1961
1962
1962
1963
1963
1964
1965
1965
1965
1966
1967
1967
1968
1970
1970
1971
1974
1976
1979
1979
1979
1980
1982
1985
1986
1986
1988
1988
1988
1989
1989
1992
1992
1992
1993
1994
1994
1995
1998
1999
1999
2000
2001
2001
2002
2002
2004
2007
2008
2009
2010
2011
2015
2018
2019
2019
2019
2020
2020
2021
2021
2021
2024
2025
2025
2026
2027
2028
2028
2031
2031
2032
2032
2034
2035
2037
2037
2037
2039
2041
2042
2044
2044
2050
2051
2052
2052
2053
2055
2055
2055
2056
2056
2057
2058
2060
2061
2061
2062
2062
2063
2066
2067
2068
2068
2068
2069
2070
2071
2071
2075
2077
2077
2079
2080
2082
2083
2084
2087
2088
2089
2091
2092
2094
2095
2096
2097
2097
2100
2100
2102
2103
2112
2116
2119
2119
2121
2129
2130
2131
2133
2134
2134
2135
2135
2137
2137
2142
2143
2143
2144
2144
2145
2145
2150
2150
2151
2151
2151
2152
2156
2156
2156
2160
2161
2162
2163
2164
2164
2166
2166
2168
2171
2172
2173
2173
2174
2174
2174
2174
2175
2176
2176
2176
2177
2178
2178
2180
2180
2185
2186
2186
2187
2188
2190
2192
2194
2196
2196
2197
2197
2199
2199
2199
2201
2203
2205
2205
2205
2205
2206
2206
2207
2207
2208
2208
2208
2208
2209
2211
2213
2213
2214
2214
2215
2218
2219
2220
2220
2220
2220
2221
2222
2229
2230
2233
2236
2236
2237
2239
2240
2242
2243
2243
2244
2244
2245
2247
2248
2249
2250
2250
2251
2252
2252
2254
2254
2255
2255
2255
2255
2259
2260
2261
2261
2261
2262
2262
2267
2269
2270
2274
2276
2282
2282
2282
2283
2283
2285
2286
2288
2288
2289
2289
2289
2295
2295
2298
2299
2300
2300
2303
2304
2306
2306
2307
2307
2307
2308
2308
2314
2315
2315
2316
2317
2317
2319
2321
2321
2323
2323
2324
2326
2328
2328
2328
2329
2330
2330
2332
2332
2334
2334
2336
2338
2338
2338
2338
2340
2341
2342
2344
2345
2345
2346
2346
2346
2348
2350
2350
2350
2350
2354
2355
2355
2359
2362
2362
2362
2363
2364
2365
2366
2369
2369
2374
2375
2376
2378
2378
2378
2378
2378
2379
2380
2380
2380
2381
2382
2383
2384
2388
2390
2394
2394
2395
2396
2396
2399
2400
2402
2402
2402
2402
2403
2403
2403
2405
2405
2406
2406
2408
2409
2410
2411
2411
2413
2413
2415
2415
2416
2418
2419
2421
2424
2424
2427
2428
2429
2432
2432
2433
2433
2434
2434
2436
2436
2438
2438
2440
2441
2442
2443
2443
2444
2445
2448
2448
2449
2449
2450
2451
2452
2454
2454
2456
2459
2460
2461
2464
2467
2467
2467
2468
2469
2469
2472
2472
2473
2474
2474
2475
2477
2478
2479
2481
2481
2481
2484
2485
2485
2486
2486
2486
2486
2491
2491
2494
2497
2498
2498
2501
2501
2502
2503
2504
2504
2506
2507
2509
2511
2512
2513
2514
2515
2516
2516
2516
2518
2519
2519
2520
2521
2521
2521
2521
2522
2522
2523
2524
2524
2524
2525
2525
2525
2525
2527
2528
2529
2530
2531
2532
2532
2533
2533
2534
2534
2535
2536
2538
2539
2540
2540
2540
2541
2541
2542
2542
2543
2544
2544
2545
2545
2546
2548
2549
2549
2549
2550
2551
2552
2552
2554
2555
2555
2562
2562
2562
2562
2563
2564
2565
2566
2567
2567
2567
2570
2571
2572
2572
2574
2574
2576
2576
2578
2581
2582
2583
2587
2589
2589
2589
2591
2593
2593
2595
2595
2596
2596
2599
2600
2600
2603
2604
2605
2606
2608
2611
2611
2612
2613
2613
2615
2616
2617
2621
2622
2623
2623
2623
2624
2624
2624
2625
2626
2626
2627
2627
2632
2634
2635
2637
2639
2645
2647
2648
2649
2649
2650
2651
2651
2652
2652
2652
2653
2654
2658
2658
2659
2659
2659
2661
2664
2668
2668
2669
2670
2672
2673
2673
2674
2675
2675
2676
2676
2678
2678
2680
2680
2683
2686
2687
2688
2688
2689
2690
2690
2690
2691
2693
2694
2697
2699
2700
2701
2702
2705
2706
2707
2707
2708
2710
2710
2710
2710
2711
2712
2712
2712
2713
2714
2715
2715
2716
2717
2717
2718
2718
2719
2720
2721
2723
2723
2724
2724
2725
2727
2729
2729
2729
2730
2730
2731
2733
2735
2735
2735
2736
2737
2737
2737
2738
2739
2741
2741
2742
2742
2743
2743
2744
2745
2747
2747
2748
2748
2749
2749
2750
2751
2753
2753
2753
2754
2757
2757
2758
2759
2760
2763
2763
2763
2764
2766
2767
2767
2767
2767
2768
2768
2768
2769
2770
2771
2772
2772
2775
2776
2779
2780
2780
2783
2785
2790
2790
2790
2790
2792
2793
2793
2793
2795
2796
2797
2799
2800
2800
2801
2802
2802
2802
2803
2807
2808
2809
2810
2811
2813
2813
2813
2814
2814
2816
2817
2817
2818
2823
2823
2824
2824
2826
2827
2827
2827
2829
2829
2830
2830
2831
2832
2834
2835
2836
2840
2843
2843
2843
2843
2844
2845
2847
2848
2849
2850
2850
2851
2852
2852
2853
2856
2859
2860
2860
2862
2865
2866
2866
2867
2867
2871
2872
2874
2874
2874
2879
2880
2881
2882
2883
2883
2884
2886
2889
2889
2890
2893
2893
2894
2894
2895
2896
2897
2898
2898
2900
2900
2901
2901
2904
2904
2904
2905
2906
2908
2909
2909
2910
2910
2910
2913
2913
2914
2914
2914
2915
2917
2918
2918
2920
2922
2924
2926
2926
2927
2930
2930
2930
2931
2932
2935
2937
2938
2939
2941
2943
2947
2947
2948
2948
2948
2949
2950
2951
2952
2952
2953
2953
2954
2955
2956
2956
2956
2956
2957
2961
2962
2962
2963
2963
2964
2964
2964
2965
2965
2966
2966
2968
2968
2969
2970
2970
2971
2971
2971
2972
2973
2974
2978
2978
2979
2979
2981
2982
2982
2985
2985
2986
2986
2988
2988
2991
2992
2995
2997
2999
2999
2999
3000
3000
3000
3002
3002
3002
3003
3005
3005
3012
3015
3015
3016
3017
3018
3019
3019
3019
3020
3020
3024
3024
3025
3025
3026
3026
3026
3028
3028
3030
3031
3032
3032
3034
3035
3038
3038
3040
3041
3041
3042
3043
3044
3046
3046
3048
3049
3050
3051
3051
3051
3051
3052
3053
3054
3054
3055
3055
3056
3056
3057
3058
3059
3059
3062
3063
3063
3063
3064
3066
3067
3068
3068
3069
3070
3071
3072
3073
3073
3074
3074
3074
3075
3076
3076
3077
3079
3080
3081
3081
3083
3085
3087
3089
3090
3090
3091
3091
3094
3102
3102
3103
3107
3108
3109
3110
3110
3110
3110
3111
3112
3114
3114
3116
3116
3117
3117
3118
3119
3120
3120
3121
3121
3124
3124
3126
3127
3127
3127
3129
3130
3130
3131
3133
3133
3134
3135
3136
3136
3136
3138
3138
3138
3141
3141
3141
3142
3144
3144
3144
3146
3146
3147
3149
3150
3152
3153
3154
3154
3154
3155
3155
3155
3156
3156
3156
3157
3158
3158
3159
3163
3164
3164
3165
3168
3168
3168
3169
3169
3169
3170
3171
3172
3172
3172
3174
3174
3175
3175
3176
3176
3177
3177
3180
3180
3182
3182
3182
3183
3184
3184
3186
3187
3187
3188
3188
3188
3189
3189
3190
3191
3191
3191
3192
3192
3192
3193
3193
3194
3195
3199
3200
3200
3201
3202
3202
3204
3204
3205
3206
3208
3209
3209
3210
3210
3210
3210
3210
3211
3211
3213
3214
3215
3216
3218
3219
3219
3220
3220
3221
3221
3223
3224
3225
3227
3228
3228
3228
3229
3230
3233
3233
3236
3240
3241
3242
3242
3244
3244
3248
3248
3249
3249
3250
3250
3250
3251
3252
3254
3254
3259
3260
3260
3262
3262
3263
3264
3264
3267
3268
3270
3271
3271
3271
3274
3274
3274
3275
3276
3277
3279
3283
3283
3283
3284
3286
3289
3292
3295
3296
3301
3301
3303
3303
3303
3304
3306
3306
3307
3308
3309
3310
3311
3312
3313
3314
3314
3314
3314
3315
3316
3318
3318
3319
3320
3322
3323
3324
3324
3324
3324
3325
3328
3328
3328
3329
3329
3330
3331
3331
3333
3333
3335
3335
3336
3337
3337
3337
3339
3341
3342
3343
3343
3345
3347
3347
3348
3348
3349
3351
3356
3356
3357
3357
3360
3360
3361
3364
3364
3365
3365
3366
3366
3367
3368
3368
3368
3369
3372
3374
3375
3375
3376
3376
3376
3378
3378
3379
3380
3380
3381
3383
3384
3384
3384
3385
3385
3386
3388
3388
3389
3391
3392
3393
3393
3394
3394
3396
3396
3400
3400
3401
3402
3403
3403
3403
3403
3405
3405
3405
3406
3407
3409
3409
3410
3412
3412
3414
3416
3416
3417
3418
3419
3422
3422
3422
3423
3424
3424
3425
3425
3426
3426
3426
3426
3426
3426
3427
3428
3430
3431
3433
3433
3434
3434
3437
3438
3438
3439
3440
3440
3441
3442
3442
3443
3443
3449
3449
3451
3452
3454
3456
3457
3458
3459
3460
3461
3461
3461
3463
3463
3465
3466
3466
3467
3467
3469
3471
3473
3474
3474
3474
3475
3475
3476
3476
3478
3478
3479
3479
3480
3481
3482
3483
3483
3483
3484
3485
3486
3488
3488
3489
3491
3497
3498
3498
3498
3498
3499
3499
3501
3506
3507
3511
3511
3514
3514
3515
3515
3516
3517
3519
3520
3522
3524
3524
3524
3524
3526
3527
3527
3527
3528
3528
3528
3529
3530
3532
3533
3534
3534
3535
3536
3536
3538
3542
3542
3543
3544
3544
3544
3545
3546
3547
3549
3550
3550
3551
3551
3553
3555
3555
3556
3556
3557
3558
3558
3559
3559
3559
3560
3562
3563
3563
3563
3564
3564
3564
3564
3565
3565
3566
3567
3568
3568
3568
3570
3573
3574
3574
3574
3574
3575
3575
3577
3577
3577
3578
3578
3579
3580
3580
3580
3580
3581
3581
3581
3582
3583
3584
3584
3585
3588
3588
3592
3592
3592
3593
3593
3593
3594
3595
3596
3597
3601
3601
3601
3601
3602
3603
3605
3606
3607
3608
3608
3609
3609
3610
3611
3614
3614
3615
3615
3617
3618
3618
3619
3621
3621
3621
3621
3622
3622
3622
3623
3623
3623
3624
3624
3624
3625
3628
3628
3629
3629
3630
3631
3632
3632
3633
3634
3635
3637
3638
3639
3641
3641
3641
3641
3642
3643
3643
3644
3646
3646
3648
3649
3649
3649
3650
3652
3652
3654
3657
3658
3660
3663
3665
3665
3666
3668
3669
3670
3670
3671
3675
3675
3676
3677
3677
3678
3679
3679
3679
3684
3685
3685
3686
3686
3686
3687
3687
3688
3689
3689
3690
3692
3693
3694
3697
3697
3698
3698
3699
3700
3701
3701
3701
3701
3702
3702
3702
3702
3702
3704
3704
3709
3710
3710
3711
3711
3713
3715
3715
3716
3716
3718
3719
3720
3721
3721
3721
3722
3723
3724
3724
3725
3726
3727
3727
3728
3730
3730
3731
3732
3732
3736
3736
3743
3743
3743
3744
3744
3745
3746
3746
3746
3747
3748
3751
3751
3753
3755
3757
3757
3758
3758
3759
3761
3761
3761
3761
3762
3763
3765
3767
3768
3768
3768
3769
3771
3773
3773
3773
3773
3774
3775
3775
3779
3780
3781
3781
3785
3788
3789
3791
3791
3792
3793
3795
3796
3796
3799
3801
3802
3802
3803
3806
3806
3807
3810
3811
3811
3812
3813
3815
3815
3817
3817
3817
3818
3818
3818
3820
3823
3824
3825
3825
3827
3830
3834
3834
3835
3836
3837
3841
3843
3844
3845
3846
3849
3850
3852
3852
3853
3854
3854
3855
3856
3857
3859
3860
3861
3861
3862
3862
3863
3865
3866
3867
3869
3869
3869
3871
3873
3873
3875
3875
3877
3878
3878
3878
3880
3880
3881
3884
3886
3886
3887
3887
3889
3889
3894
3895
3898
3899
3902
3904
3904
3908
3908
3909
3912
3912
3912
3913
3917
3920
3922
3923
3925
3925
3927
3928
3929
3930
3931
3931
3932
3933
3936
3938
3938
3943
3945
3948
3950
3951
3953
3955
3955
3956
3957
3960
3961
3963
3963
3963
3964
3964
3964
3964
3964
3966
3967
3967
3969
3969
3971
3973
3973
3974
3974
3976
3976
3977
3977
3978
3978
3979
3980
3984
3985
3987
3988
3988
3989
3990
3990
3990
3990
3992
3993
3994
3995
3995
3997
3998
3998
3998
3999
4001
4001
4002
4003
4004
4006
4006
4007
4008
4009
4010
4010
4010
4011
4012
4013
4015
4015
4017
4020
4020
4021
4022
4024
4024
4024
4026
4026
4027
4028
4029
4029
4030
4032
4032
4034
4034
4035
4035
4036
4037
4038
4039
4039
4039
4039
4039
4039
4040
4041
4041
4043
4044
4044
4045
4047
4048
4048
4050
4052
4052
4053
4053
4053
4054
4055
4055
4055
4056
4056
4057
4059
4060
4061
4062
4062
4064
4066
4066
4069
4071
4071
4072
4073
4073
4073
4074
4074
4077
4078
4079
4082
4085
4089
4090
4091
4093
4093
4094
4095
4096
4096
4097
4098
4101
4102
4104
4104
4105
4105
4106
4107
4108
4109
4110
4110
4111
4111
4112
4113
4113
4114
4115
4115
4115
4117
4117
4119
4120
4120
4120
4123
4124
4124
4125
4126
4127
4127
4127
4127
4128
4128
4129
4135
4137
4139
4139
4140
4141
4141
4145
4147
4147
4148
4149
4150
4152
4152
4153
4155
4156
4156
4158
4159
4159
4159
4159
4159
4163
4163
4166
4167
4169
4169
4170
4170
4172
4173
4174
4176
4176
4176
4176
4176
4177
4177
4178
4179
4180
4181
4182
4183
4183
4185
4185
4186
4189
4190
4192
4193
4193
4194
4196
4196
4197
4197
4197
4199
4201
4206
4209
4209
4210
4210
4211
4212
4213
4213
4214
4214
4215
4218
4218
4221
4221
4221
4222
4223
4224
4224
4225
4227
4228
4229
4229
4232
4233
4233
4235
4236
4237
4237
4237
4238
4239
4241
4243
4243
4244
4245
4245
4246
4247
4249
4252
4254
4257
4259
4259
4262
4262
4262
4262
4263
4265
4267
4267
4268
4268
4270
4270
4271
4271
4271
4271
4274
4276
4276
4277
4278
4278
4279
4280
4281
4283
4283
4285
4286
4290
4291
4293
4293
4294
4297
4299
4300
4301
4302
4303
4305
4305
4306
4309
4309
4310
4310
4310
4311
4311
4312
4312
4313
4313
4316
4316
4317
4317
4318
4318
4321
4321
4322
4322
4323
4323
4324
4324
4325
4326
4327
4328
4328
4329
4329
4329
4329
4329
4330
4330
4333
4334
4336
4337
4337
4339
4339
4341
4341
4342
4343
4345
4345
4346
4347
4347
4348
4348
4349
4351
4351
4353
4356
4356
4356
4356
4358
4358
4360
4360
4361
4361
4361
4361
4363
4363
4364
4365
4367
4367
4368
4368
4368
4369
4371
4371
4372
4372
4373
4376
4376
4377
4378
4378
4378
4379
4380
4381
4384
4385
4385
4386
4386
4387
4387
4387
4389
4389
4389
4392
4392
4394
4394
4396
4396
4398
4404
4404
4404
4405
4406
4406
4407
4408
4408
4410
4412
4413
4413
4414
4417
4417
4420
4421
4421
4427
4427
4427
4428
4429
4429
4430
4431
4431
4431
4431
4433
4434
4435
4435
4437
4437
4438
4438
4440
4440
4444
4449
4451
4452
4452
4453
4453
4453
4454
4455
4455
4455
4456
4456
4457
4457
4458
4460
4462
4465
4467
4468
4470
4471
4471
4471
4472
4473
4473
4476
4477
4478
4479
4479
4479
4479
4480
4483
4483
4486
4487
4487
4488
4488
4488
4490
4491
4492
4493
4493
4494
4494
4495
4495
4496
4498
4498
4499
4500
4500
4501
4502
4503
4503
4503
4504
4504
4506
4506
4510
4510
4511
4514
4514
4514
4514
4515
4516
4517
4517
4517
4519
4520
4520
4521
4521
4522
4522
4522
4523
4523
4526
4526
4527
4529
4529
4530
4530
4531
4532
4532
4533
4533
4533
4534
4535
4535
4536
4537
4538
4538
4540
4540
4541
4541
4544
4545
4545
4545
4547
4547
4547
4549
4549
4552
4553
4555
4555
4555
4556
4557
4557
4558
4559
4561
4562
4563
4563
4563
4564
4565
4566
4566
4566
4567
4568
4568
4570
4570
4570
4571
4573
4576
4576
4578
4578
4582
4582
4586
4586
4586
4586
4587
4588
4588
4589
4589
4590
4590
4591
4592
4593
4597
4598
4599
4600
4602
4602
4603
4604
4604
4609
4614
4614
4614
4615
4616
4616
4617
4618
4619
4620
4621
4624
4624
4627
4628
4628
4628
4628
4628
4629
4630
4630
4631
4632
4632
4633
4633
4635
4636
4637
4637
4638
4639
4640
4643
4646
4646
4648
4649
4651
4651
4653
4653
4654
4656
4656
4661
4663
4665
4665
4666
4666
4668
4668
4669
4670
4671
4671
4671
4671
4674
4674
4675
4675
4675
4677
4678
4678
4678
4680
4681
4682
4685
4687
4691
4692
4692
4693
4694
4695
4696
4699
4701
4701
4703
4703
4704
4704
4704
4705
4706
4707
4707
4708
4708
4708
4711
4713
4713
4714
4714
4716
4717
4718
4718
4718
4719
4719
4719
4720
4721
4721
4722
4722
4725
4726
4727
4729
4733
4735
4738
4738
4738
4738
4738
4739
4740
4740
4741
4743
4743
4743
4743
4743
4744
4744
4745
4745
4746
4746
4748
4750
4750
4750
4751
4751
4752
4753
4754
4754
4754
4755
4756
4756
4759
4762
4764
4765
4766
4766
4766
4767
4770
4771
4771
4772
4773
4773
4773
4774
4775
4777
4778
4778
4778
4778
4780
4780
4781
4781
4783
4784
4784
4789
4790
4790
4793
4796
4796
4797
4797
4797
4797
4798
4799
4800
4803
4803
4804
4805
4806
4806
4807
4807
4808
4809
4811
4814
4815
4816
4816
4817
4819
4820
4823
4825
4825
4827
4830
4830
4832
4833
4833
4836
4836
4837
4838
4840
4840
4840
4841
4842
4843
4843
4847
4848
4848
4849
4850
4853
4854
4855
4855
4856
4858
4859
4861
4863
4864
4864
4865
4867
4868
4868
4868
4869
4869
4869
4869
4869
4870
4871
4871
4872
4872
4873
4874
4876
4877
4878
4880
4881
4884
4884
4888
4888
4889
4889
4890
4891
4892
4893
4894
4894
4898
4898
4898
4898
4899
4900
4900
4901
4903
4903
4903
4906
4910
4912
4912
4913
4914
4917
4918
4919
4920
4922
4924
4925
4926
4926
4927
4928
4928
4929
4931
4932
4933
4934
4935
4935
4936
4937
4939
4940
4941
4943
4943
4944
4944
4945
4946
4946
4947
4947
4949
4950
4952
4954
4954
4954
4958
4958
4959
4960
4960
4962
4964
4964
4964
4965
4965
4966
4968
4968
4969
4970
4971
4971
4971
4972
4973
4973
4974
4974
4975
4975
4976
4977
4977
4978
4979
4980
4980
4981
4982
4982
4982
4982
4984
4985
4986
4986
4988
4992
4993
4993
4995
4996
4996
4996
5002
5004
5007
5009
5009
5010
5010
5010
5013
5015
5016
5016
5017
5018
5020
5020
5020
5024
5026
5028
5028
5029
5029
5029
5030
5032
5032
5032
5033
5034
5034
5035
5037
5037
5038
5039
5039
5041
5042
5044
5045
5046
5047
5048
5049
5049
5051
5052
5054
5056
5057
5057
5057
5057
5058
5062
5063
5064
5065
5065
5069
5070
5070
5070
5075
5077
5079
5079
5080
5081
5081
5084
5086
5086
5087
5090
5094
5097
5098
5099
5100
5100
5101
5101
5103
5103
5104
5104
5105
5105
5106
5107
5107
5108
5108
5110
5111
5112
5112
5114
5114
5114
5115
5115
5115
5115
5116
5117
5117
5117
5118
5119
5119
5119
5119
5119
5122
5124
5124
5126
5128
5128
5129
5130
5131
5132
5132
5134
5135
5135
5139
5141
5142
5142
5142
5142
5146
5147
5149
5149
5150
5151
5152
5154
5154
5155
5156
5158
5160
5164
5164
5165
5165
5167
5167
5167
5167
5168
5171
5171
5171
5173
5174
5176
5176
5176
5177
5178
5178
5179
5182
5184
5186
5187
5188
5189
5190
5192
5194
5195
5195
5195
5195
5197
5200
5200
5203
5203
5204
5205
5206
5206
5207
5207
5209
5209
5209
5210
5210
5213
5214
5216
5216
5218
5218
5219
5219
5219
5219
5221
5221
5221
5222
5225
5230
5232
5233
5235
5235
5235
5235
5240
5240
5241
5241
5242
5244
5244
5244
5245
5245
5246
5248
5248
5248
5249
5249
5249
5250
5250
5251
5251
5253
5254
5255
5255
5255
5259
5260
5260
5261
5263
5263
5263
5263
5265
5265
5265
5266
5266
5267
5270
5271
5272
5274
5276
5276
5278
5278
5281
5282
5282
5283
5284
5284
5286
5287
5288
5289
5289
5289
5289
5290
5291
5294
5295
5295
5296
5297
5297
5297
5298
5299
5301
5302
5303
5306
5307
5308
5308
5309
5309
5310
5310
5312
5312
5313
5313
5314
5314
5314
5314
5315
5320
5320
5321
5321
5322
5322
5324
5325
5326
5327
5327
5328
5328
5328
5329
5331
5331
5332
5333
5333
5336
5336
5337
5339
5339
5339
5339
5340
5340
5341
5341
5342
5342
5342
5342
5343
5344
5345
5345
5347
5349
5350
5353
5353
5353
5354
5355
5355
5359
5359
5360
5361
5363
5365
5366
5366
5366
5368
5368
5370
5371
5371
5372
5372
5373
5375
5376
5376
5377
5377
5377
5377
5380
5380
5380
5380
5380
5380
5381
5381
5382
5383
5384
5384
5386
5386
5390
5391
5391
5391
5393
5394
5394
5394
5395
5395
5397
5399
5399
5400
5401
5401
5403
5404
5405
5407
5408
5408
5409
5412
5413
5414
5416
5418
5418
5419
5420
5420
5422
5423
5423
5424
5424
5424
5426
5427
5430
5432
5436
5436
5437
5439
5440
5442
5443
5443
5444
5445
5446
5448
5449
5450
5452
5453
5453
5453
5454
5455
5455
5455
5456
5457
5457
5460
5461
5466
5466
5466
5468
5469
5470
5470
5470
5471
5472
5472
5475
5476
5478
5478
5479
5479
5479
5481
5481
5481
5481
5482
5484
5486
5487
5487
5489
5492
5492
5494
5494
5494
5495
5496
5498
5499
5500
5500
5500
5501
5503
5505
5506
5507
5507
5512
5512
5513
5514
5520
5520
5521
5521
5522
5522
5522
5523
5524
5524
5526
5527
5529
5531
5534
5537
5537
5538
5539
5540
5541
5541
5542
5542
5543
5543
5544
5544
5544
5547
5547
5548
5548
5548
5549
5550
5551
5553
5553
5555
5555
5556
5556
5557
5557
5559
5562
5562
5563
5563
5564
5564
5564
5566
5566
5567
5567
5568
5568
5568
5569
5571
5572
5573
5574
5574
5574
5575
5576
5577
5580
5580
5581
5581
5582
5582
5582
5584
5584
5584
5585
5585
5585
5586
5586
5588
5588
5589
5589
5590
5591
5591
5593
5594
5594
5594
5596
5597
5601
5604
5604
5604
5605
5605
5605
5607
5609
5610
5611
5611
5611
5612
5612
5615
5616
5616
5617
5617
5618
5620
5621
5622
5624
5624
5626
5628
5630
5631
5632
5632
5632
5632
5633
5633
5634
5636
5636
5638
5641
5642
5642
5642
5643
5644
5645
5647
5649
5651
5653
5653
5656
5657
5657
5658
5658
5659
5659
5660
5660
5661
5661
5664
5665
5666
5666
5667
5667
5668
5671
5674
5674
5674
5675
5675
5676
5676
5677
5677
5679
5681
5681
5682
5682
5683
5685
5686
5686
5687
5687
5687
5688
5688
5688
5689
5689
5692
5692
5692
5693
5694
5695
5696
5697
5697
5698
5699
5701
5701
5702
5703
5704
5704
5705
5705
5707
5707
5708
5709
5711
5712
5713
5714
5717
5721
5722
5722
5722
5723
5723
5724
5725
5725
5726
5728
5735
5735
5735
5735
5737
5738
5739
5741
5741
5742
5742
5742
5742
5743
5745
5746
5748
5750
5751
5752
5756
5756
5757
5757
5757
5758
5759
5760
5760
5761
5762
5762
5764
5764
5764
5765
5766
5766
5766
5766
5768
5770
5774
5774
5775
5775
5775
5776
5777
5778
5778
5778
5780
5780
5781
5781
5785
5789
5791
5791
5792
5792
5792
5797
5798
5800
5800
5800
5801
5801
5802
5803
5803
5806
5807
5808
5811
5812
5813
5813
5813
5815
5817
5817
5818
5820
5820
5821
5823
5823
5823
5825
5825
5826
5829
5829
5830
5831
5832
5833
5833
5834
5835
5836
5836
5841
5841
5841
5843
5843
5843
5843
5844
5844
5845
5846
5847
5848
5849
5849
5849
5849
5852
5853
5855
5858
5859
5860
5860
5862
5862
5863
5864
5864
5866
5867
5868
5868
5869
5871
5872
5872
5873
5874
5875
5876
5876
5876
5876
5878
5879
5880
5880
5884
5886
5886
5886
5888
5888
5889
5889
5889
5890
5892
5892
5893
5893
5893
5894
5894
5894
5895
5896
5901
5901
5902
5906
5906
5910
5911
5913
5913
5918
5920
5925
5926
5927
5927
5927
5933
5933
5935
5942
5943
5944
5944
5944
5944
5945
5950
5951
5953
5954
5954
5956
5956
5958
5958
5958
5958
5958
5959
5960
5963
5963
5966
5968
5968
5969
5970
5970
5970
5971
5971
5972
5974
5974
5975
5975
5976
5976
5977
5978
5978
5979
5981
5983
5983
5984
5987
5987
5988
5988
5989
5989
5989
5993
5994
5994
5994
5995
5998
6001
6001
6002
6002
6004
6006
6008
6009
6009
6010
6010
6011
6012
6013
6015
6015
6016
6018
6018
6019
6019
6020
6022
6024
6024
6025
6026
6027
6030
6030
6032
6032
6033
6034
6034
6038
6039
6040
6043
6043
6046
6046
6047
6050
6050
6052
6053
6055
6057
6058
6058
6060
6060
6060
6061
6063
6065
6065
6065
6066
6067
6068
6069
6069
6070
6070
6071
6072
6073
6074
6074
6075
6076
6078
6078
6079
6082
6083
6083
6084
6084
6085
6086
6086
6089
6089
6090
6090
6092
6092
6092
6093
6095
6096
6098
6098
6099
6099
6099
6103
6104
6106
6106
6108
6109
6111
6111
6111
6113
6113
6114
6116
6117
6119
6119
6121
6121
6121
6122
6122
6124
6125
6127
6128
6129
6132
6133
6133
6133
6134
6134
6136
6137
6137
6137
6138
6139
6139
6143
6143
6143
6146
6148
6149
6149
6151
6151
6152
6153
6155
6155
6156
6156
6157
6158
6158
6161
6161
6164
6164
6166
6166
6167
6167
6168
6169
6169
6170
6172
6173
6174
6176
6176
6177
6177
6181
6184
6184
6185
6186
6186
6186
6187
6187
6188
6189
6190
6190
6191
6192
6194
6195
6197
6197
6198
6200
6201
6208
6208
6208
6210
6210
6210
6210
6210
6210
6213
6213
6213
6213
6213
6213
6215
6216
6216
6217
6219
6220
6220
6220
6221
6222
6223
6224
6225
6225
6227
6228
6230
6230
6230
6231
6231
6231
6233
6234
6236
6236
6236
6240
6240
6241
6241
6242
6242
6243
6243
6247
6248
6248
6248
6251
6251
6252
6252
6252
6252
6253
6253
6254
6254
6256
6256
6256
6256
6261
6262
6262
6262
6263
6265
6265
6267
6267
6269
6270
6271
6274
6275
6280
6282
6282
6282
6284
6284
6285
6286
6287
6288
6289
6290
6292
6293
6294
6294
6295
6297
6298
6298
6298
6300
6300
6301
6301
6303
6306
6307
6307
6308
6308
6311
6311
6312
6313
6313
6313
6313
6313
6314
6314
6316
6317
6317
6319
6319
6320
6321
6322
6324
6326
6326
6327
6328
6331
6331
6332
6332
6332
6335
6336
6336
6336
6337
6337
6339
6339
6340
6340
6341
6342
6344
6345
6345
6346
6347
6348
6349
6350
6350
6352
6353
6353
6354
6356
6357
6357
6358
6358
6359
6359
6360
6360
6361
6362
6364
6365
6369
6369
6369
6370
6371
6373
6373
6374
6375
6376
6377
6377
6378
6379
6380
6381
6385
6385
6385
6387
6388
6388
6390
6390
6390
6391
6395
6395
6396
6397
6397
6397
6397
6398
6400
6403
6405
6405
6406
6407
6408
6408
6410
6410
6412
6413
6413
6414
6414
6415
6417
6418
6418
6419
6420
6420
6421
6421
6421
6421
6422
6422
6423
6423
6424
6426
6427
6428
6428
6431
6432
6432
6432
6433
6435
6437
6437
6439
6440
6440
6440
6440
6444
6444
6446
6446
6446
6447
6447
6448
6449
6450
6451
6451
6451
6451
6451
6452
6453
6453
6454
6458
6458
6459
6460
6461
6462
6463
6463
6465
6465
6466
6466
6466
6467
6468
6468
6469
6470
6471
6471
6472
6473
6473
6474
6475
6476
6477
6477
6478
6479
6482
6483
6484
6486
6486
6487
6489
6489
6490
6490
6490
6491
6491
6492
6493
6493
6495
6496
6497
6497
6499
6499
6500
6501
6502
6505
6505
6505
6506
6510
6510
6511
6512
6513
6515
6515
6516
6516
6519
6520
6520
6521
6523
6525
6526
6527
6527
6528
6528
6529
6529
6531
6532
6533
6534
6535
6535
6535
6536
6536
6538
6539
6539
6540
6540
6541
6541
6547
6549
6550
6551
6551
6553
6553
6554
6554
6554
6556
6556
6557
6557
6557
6559
6561
6561
6562
6562
6567
6567
6570
6572
6575
6575
6575
6576
6576
6576
6577
6577
6578
6579
6579
6582
6583
6584
6585
6585
6585
6586
6588
6589
6589
6590
6591
6592
6592
6593
6594
6594
6596
6598
6599
6602
6603
6604
6605
6605
6606
6606
6607
6609
6613
6613
6614
6614
6614
6616
6616
6617
6617
6623
6624
6624
6625
6625
6625
6629
6630
6632
6632
6633
6633
6634
6635
6638
6638
6639
6639
6639
6639
6639
6640
6640
6641
6641
6642
6643
6646
6649
6651
6651
6652
6653
6653
6655
6656
6656
6658
6660
6660
6660
6661
6661
6662
6662
6662
6663
6663
6663
6663
6663
6664
6665
6665
6665
6665
6667
6667
6670
6670
6671
6672
6672
6672
6673
6674
6675
6675
6677
6680
6681
6681
6683
6685
6686
6686
6688
6688
6688
6689
6690
6690
6691
6691
6692
6693
6695
6695
6695
6695
6696
6699
6699
6699
6700
6700
6702
6703
6703
6704
6704
6705
6705
6707
6707
6708
6708
6708
6709
6710
6710
6712
6712
6714
6714
6715
6719
6721
6722
6725
6726
6726
6727
6727
6728
6728
6729
6729
6732
6734
6734
6734
6736
6737
6737
6737
6738
6738
6739
6739
6739
6741
6742
6743
6744
6745
6747
6748
6749
6750
6750
6751
6751
6752
6754
6756
6756
6757
6758
6758
6759
6759
6761
6761
6761
6762
6762
6763
6765
6767
6768
6768
6770
6771
6773
6773
6773
6773
6774
6775
6775
6777
6778
6779
6779
6783
6783
6784
6785
6785
6785
6787
6787
6787
6787
6789
6790
6790
6792
6794
6795
6795
6795
6796
6797
6797
6797
6798
6799
6800
6802
6805
6806
6807
6809
6810
6810
6811
6813
6814
6815
6816
6817
6817
6817
6818
6818
6820
6820
6823
6827
6828
6829
6829
6830
6832
6834
6835
6837
6837
6838
6839
6840
6841
6842
6844
6844
6845
6845
6846
6846
6847
6847
6849
6850
6850
6850
6851
6852
6852
6853
6853
6853
6854
6855
6856
6857
6859
6859
6861
6862
6862
6862
6864
6865
6865
6866
6871
6872
6872
6875
6875
6875
6876
6876
6878
6879
6881
6881
6881
6882
6882
6883
6886
6887
6887
6888
6888
6889
6891
6891
6891
6893
6895
6895
6897
6897
6898
6899
6899
6899
6900
6901
6902
6903
6903
6905
6906
6907
6907
6908
6909
6911
6913
6913
6915
6915
6916
6917
6917
6917
6917
6920
6923
6926
6930
6931
6934
6934
6936
6942
6943
6943
6944
6944
6946
6946
6947
6948
6949
6949
6953
6953
6954
6954
6954
6955
6956
6956
6957
6959
6960
6962
6963
6964
6966
6966
6967
6967
6967
6968
6970
6971
6971
6974
6974
6975
6976
6977
6978
6978
6979
6979
6980
6980
6981
6981
6982
6983
6984
6984
6984
6989
6989
6991
6991
6992
6992
6994
6997
6999
7000
7000
7001
7002
7002
7002
7003
7004
7006
7006
7007
7008
7009
7010
7011
7011
7012
7012
7013
7013
7013
7014
7017
7020
7020
7021
7022
7023
7023
7023
7024
7026
7026
7027
7027
7032
7034
7034
7035
7035
7036
7036
7038
7038
7038
7039
7041
7041
7042
7043
7043
7043
7045
7047
7048
7048
7048
7051
7051
7051
7053
7054
7054
7057
7057
7058
7058
7060
7061
7061
7062
7063
7063
7063
7068
7068
7068
7069
7071
7072
7074
7075
7075
7076
7076
7076
7077
7077
7078
7078
7079
7079
7080
7081
7083
7083
7083
7084
7084
7084
7085
7086
7086
7087
7088
7089
7090
7094
7097
7098
7100
7100
7102
7103
7104
7104
7104
7104
7107
7107
7109
7111
7112
7115
7122
7122
7123
7124
7124
7125
7126
7127
7127
7130
7131
7132
7136
7137
7138
7139
7140
7142
7144
7145
7147
7148
7148
7149
7149
7151
7151
7151
7154
7155
7157
7160
7161
7161
7161
7164
7165
7166
7166
7166
7167
7167
7167
7167
7168
7168
7172
7172
7172
7175
7175
7176
7177
7181
7184
7184
7184
7185
7185
7187
7190
7190
7191
7193
7194
7197
7198
7200
7201
7203
7205
7205
7205
7206
7208
7210
7212
7213
7216
7220
7220
7221
7221
7224
7224
7224
7225
7225
7225
7225
7229
7231
7233
7235
7235
7236
7236
7237
7237
7239
7239
7240
7240
7242
7242
7242
7242
7242
7242
7244
7245
7245
7245
7245
7248
7250
7250
7250
7252
7252
7252
7253
7255
7255
7257
7258
7259
7260
7260
7262
7264
7265
7265
7265
7266
7266
7267
7268
7268
7269
7269
7270
7270
7272
7273
7276
7279
7280
7280
7281
7282
7282
7287
7288
7290
7290
7291
7292
7293
7295
7296
7296
7296
7297
7299
7299
7299
7300
7300
7302
7302
7303
7303
7304
7305
7306
7306
7306
7307
7307
7308
7309
7309
7311
7312
7312
7313
7314
7315
7315
7316
7316
7318
7318
7320
7320
7320
7322
7322
7327
7328
7329
7329
7329
7330
7330
7330
7331
7331
7335
7336
7336
7336
7337
7338
7340
7341
7341
7345
7345
7346
7346
7346
7347
7348
7348
7349
7350
7351
7353
7354
7354
7355
7356
7356
7357
7357
7358
7359
7360
7363
7365
7365
7367
7367
7368
7368
7369
7371
7371
7372
7372
7372
7374
7374
7375
7375
7375
7375
7377
7377
7377
7378
7379
7381
7383
7384
7384
7385
7387
7389
7389
7390
7390
7390
7391
7391
7392
7393
7395
7395
7398
7400
7401
7402
7403
7403
7403
7404
7404
7405
7405
7406
7408
7408
7409
7409
7410
7412
7412
7413
7413
7414
7415
7415
7418
7418
7419
7420
7420
7421
7425
7425
7428
7428
7429
7429
7430
7432
7432
7433
7433
7434
7434
7434
7436
7438
7440
7440
7442
7442
7443
7443
7443
7445
7445
7446
7448
7448
7449
7449
7450
7450
7451
7451
7451
7452
7452
7452
7452
7454
7454
7455
7457
7458
7458
7460
7460
7462
7462
7462
7463
7463
7464
7465
7466
7466
7467
7467
7467
7470
7471
7474
7474
7475
7475
7476
7476
7476
7477
7477
7478
7479
7480
7480
7482
7482
7482
7483
7484
7485
7486
7487
7488
7488
7489
7489
7490
7493
7495
7495
7495
7496
7497
7497
7498
7499
7500
7500
7502
7502
7503
7504
7504
7504
7509
7510
7510
7511
7512
7512
7513
7513
7514
7514
7515
7516
7517
7518
7518
7519
7520
7520
7521
7521
7522
7522
7523
7524
7525
7526
7528
7528
7529
7533
7533
7540
7542
7542
7545
7545
7546
7546
7546
7547
7547
7547
7547
7548
7548
7550
7550
7550
7555
7557
7559
7560
7561
7564
7565
7569
7569
7570
7572
7573
7573
7575
7575
7576
7577
7577
7579
7580
7581
7582
7583
7583
7587
7587
7587
7588
7588
7589
7591
7594
7596
7596
7597
7598
7598
7598
7599
7603
7603
7604
7605
7605
7607
7610
7610
7612
7613
7614
7615
7615
7617
7618
7619
7623
7625
7628
7631
7631
7632
7632
7632
7634
7635
7636
7637
7637
7637
7638
7639
7640
7641
7641
7641
7642
7643
7645
7645
7645
7646
7646
7647
7648
7650
7650
7651
7653
7655
7656
7657
7657
7658
7662
7663
7665
7665
7666
7667
7669
7669
7670
7671
7671
7673
7673
7673
7673
7674
7675
7676
7676
7679
7679
7682
7683
7684
7685
7685
7687
7689
7692
7692
7693
7693
7693
7693
7693
7694
7695
7696
7696
7697
7697
7699
7703
7703
7703
7705
7705
7705
7706
7708
7709
7709
7710
7711
7714
7714
7714
7714
7715
7719
7721
7721
7722
7724
7725
7725
7727
7729
7730
7731
7731
7731
7731
7731
7731
7733
7735
7737
7738
7738
7742
7743
7744
7746
7747
7748
7748
7749
7749
7749
7751
7751
7751
7752
7753
7753
7754
7754
7754
7755
7760
7761
7761
7763
7764
7765
7765
7767
7768
7768
7769
7770
7770
7772
7773
7774
7775
7776
7777
7777
7778
7782
7786
7788
7789
7789
7790
7790
7791
7791
7793
7797
7799
7801
7801
7805
7807
7808
7808
7809
7809
7811
7812
7814
7814
7815
7816
7816
7817
7820
7820
7821
7822
7822
7823
7823
7823
7824
7825
7827
7828
7828
7828
7829
7831
7832
7833
7834
7837
7837
7838
7839
7840
7840
7841
7846
7848
7849
7851
7853
7853
7854
7855
7857
7860
7862
7862
7863
7863
7864
7866
7866
7867
7867
7867
7868
7868
7868
7870
7870
7870
7870
7870
7870
7871
7872
7873
7875
7878
7879
7880
7880
7882
7883
7883
7883
7885
7888
7889
7889
7890
7893
7893
7894
7895
7895
7896
7897
7897
7897
7898
7898
7899
7900
7901
7901
7902
7903
7904
7904
7905
7905
7905
7906
7909
7911
7913
7913
7913
7914
7915
7916
7919
7920
7921
7921
7922
7923
7923
7927
7928
7930
7931
7931
7932
7933
7935
7935
7935
7937
7938
7939
7940
7940
7944
7947
7949
7951
7952
7953
7954
7954
7957
7957
7957
7957
7959
7959
7961
7961
7961
7962
7962
7963
7965
7965
7965
7965
7966
7967
7967
7968
7972
7974
7975
7975
7977
7978
7980
7980
7980
7981
7982
7982
7982
7983
7984
7984
7985
7986
7987
7987
7989
7989
7990
7991
7992
7993
7993
7994
7995
7995
7997
7997
7997
7998
8001
8001
8002
8003
8004
8005
8005
8005
8006
8009
8010
8012
8014
8015
8016
8016
8017
8017
8018
8018
8021
8021
8021
8022
8023
8023
8024
8025
8025
8027
8027
8027
8028
8028
8029
8029
8029
8030
8034
8035
8039
8040
8042
8043
8044
8045
8045
8046
8048
8050
8051
8052
8053
8054
8054
8055
8056
8056
8060
8061
8061
8068
8069
8071
8071
8072
8073
8074
8075
8075
8075
8076
8077
8077
8078
8078
8079
8079
8083
8083
8083
8084
8084
8085
8085
8086
8087
8090
8090
8090
8090
8091
8091
8093
8096
8098
8099
8101
8102
8102
8103
8103
8103
8103
8104
8109
8109
8111
8113
8115
8117
8120
8120
8121
8121
8124
8125
8126
8127
8128
8128
8128
8129
8130
8131
8131
8135
8135
8139
8140
8140
8142
8142
8142
8142
8144
8144
8145
8146
8148
8152
8152
8154
8154
8154
8156
8158
8158
8159
8162
8163
8166
8167
8168
8168
8169
8169
8170
8170
8171
8172
8173
8174
8174
8176
8177
8178
8178
8178
8179
8179
8180
8181
8182
8182
8185
8188
8188
8189
8189
8191
8191
8191
8191
8192
8192
8193
8194
8196
8196
8198
8202
8203
8205
8207
8208
8210
8210
8211
8211
8212
8213
8214
8214
8218
8219
8219
8220
8220
8220
8221
8221
8222
8224
8227
8227
8229
8229
8235
8235
8236
8237
8238
8239
8240
8242
8245
8245
8246
8247
8252
8252
8252
8253
8253
8254
8254
8254
8255
8255
8255
8255
8256
8256
8257
8259
8263
8263
8264
8264
8265
8266
8269
8270
8270
8271
8272
8274
8276
8276
8277
8280
8280
8280
8281
8284
8285
8285
8286
8287
8287
8288
8288
8289
8289
8291
8291
8295
8295
8296
8296
8297
8298
8298
8299
8302
8304
8304
8306
8307
8307
8307
8308
8308
8311
8311
8313
8314
8315
8316
8318
8320
8320
8321
8324
8326
8327
8328
8329
8329
8332
8336
8336
8337
8337
8337
8338
8340
8341
8341
8342
8342
8344
8345
8345
8346
8347
8347
8348
8349
8349
8349
8350
8351
8351
8352
8354
8354
8354
8355
8356
8357
8357
8359
8362
8364
8364
8365
8365
8365
8368
8368
8370
8370
8370
8371
8373
8373
8374
8375
8376
8377
8378
8378
8379
8379
8380
8381
8381
8382
8382
8383
8383
8383
8383
8386
8387
8388
8388
8389
8389
8389
8390
8390
8391
8392
8392
8393
8394
8395
8400
8404
8404
8405
8406
8406
8407
8410
8410
8411
8411
8412
8416
8416
8417
8417
8418
8422
8423
8426
8427
8427
8428
8430
8430
8431
8431
8432
8432
8433
8434
8435
8435
8437
8438
8440
8440
8441
8441
8441
8442
8442
8443
8443
8443
8444
8444
8447
8447
8450
8450
8451
8453
8455
8455
8455
8455
8456
8458
8459
8460
8460
8460
8461
8461
8461
8462
8462
8464
8464
8465
8465
8466
8467
8468
8469
8469
8469
8469
8471
8472
8474
8474
8475
8476
8479
8479
8479
8480
8480
8481
8482
8483
8486
8487
8489
8490
8491
8492
8496
8496
8498
8499
8501
8503
8503
8506
8507
8507
8509
8509
8511
8515
8517
8517
8519
8520
8520
8520
8521
8521
8525
8526
8528
8529
8529
8530
8532
8532
8532
8532
8533
8534
8534
8535
8536
8538
8539
8539
8541
8543
8544
8544
8545
8545
8545
8546
8548
8550
8550
8552
8552
8553
8554
8554
8555
8557
8559
8561
8561
8562
8562
8562
8564
8564
8565
8565
8566
8567
8568
8569
8569
8569
8569
8573
8576
8576
8577
8578
8578
8578
8579
8580
8580
8581
8581
8581
8583
8585
8587
8587
8588
8589
8592
8593
8593
8593
8596
8597
8597
8598
8599
8599
8599
8600
8603
8604
8604
8606
8607
8608
8609
8612
8616
8616
8617
8617
8617
8617
8618
8619
8621
8625
8625
8626
8627
8629
8630
8631
8633
8633
8633
8633
8634
8634
8635
8637
8637
8639
8640
8640
8641
8642
8642
8642
8643
8643
8644
8647
8649
8651
8651
8652
8652
8654
8655
8655
8656
8658
8658
8658
8658
8660
8661
8662
8663
8663
8663
8665
8665
8666
8666
8667
8668
8668
8669
8670
8675
8675
8676
8676
8677
8677
8679
8680
8680
8682
8682
8684
8684
8686
8687
8688
8689
8689
8690
8690
8690
8691
8692
8692
8693
8695
8696
8697
8697
8699
8700
8702
8703
8703
8704
8705
8705
8706
8707
8709
8710
8711
8715
8717
8718
8718
8719
8719
8720
8723
8723
8724
8728
8728
8729
8729
8730
8732
8733
8736
8737
8737
8738
8740
8742
8744
8745
8747
8748
8748
8751
8752
8752
8754
8754
8756
8756
8757
8757
8758
8760
8762
8763
8764
8765
8770
8770
8771
8772
8772
8773
8774
8775
8775
8775
8776
8777
8779
8779
8781
8782
8782
8783
8784
8786
8787
8789
8789
8791
8791
8793
8793
8796
8797
8798
8800
8800
8800
8801
8802
8803
8803
8804
8804
8805
8807
8808
8808
8809
8809
8809
8809
8814
8815
8815
8816
8817
8818
8818
8819
8820
8820
8821
8823
8823
8823
8824
8824
8825
8826
8828
8828
8829
8830
8833
8833
8834
8834
8834
8837
8837
8838
8839
8839
8842
8843
8844
8844
8845
8845
8846
8847
8847
8848
8848
8848
8849
8851
8852
8854
8854
8855
8855
8856
8856
8857
8858
8859
8859
8864
8866
8869
8870
8870
8870
8871
8872
8873
8873
8878
8878
8879
8882
8883
8883
8886
8887
8888
8889
8890
8891
8891
8891
8892
8893
8894
8896
8897
8898
8899
8901
8901
8901
8902
8903
8907
8910
8912
8913
8913
8914
8915
8916
8916
8916
8917
8918
8918
8920
8920
8920
8922
8923
8925
8926
8927
8928
8929
8930
8934
8934
8936
8936
8936
8937
8937
8940
8941
8941
8942
8942
8943
8945
8948
8948
8949
8951
8952
8953
8959
8960
8962
8964
8964
8968
8970
8971
8971
8972
8973
8976
8977
8978
8978
8979
8980
8980
8982
8983
8983
8983
8984
8984
8985
8985
8987
8988
8988
8989
8989
8990
8994
8995
8997
8998
8999
8999
9002
9003
9004
9006
9006
9007
9009
9009
9010
9010
9012
9012
9013
9014
9015
9015
9021
9022
9023
9024
9026
9026
9027
9027
9027
9029
9029
9030
9030
9033
9033
9035
9036
9038
9039
9039
9040
9040
9041
9041
9041
9042
9042
9043
9043
9044
9044
9045
9047
9048
9048
9049
9049
9051
9051
9053
9053
9056
9057
9057
9058
9058
9059
9060
9062
9062
9063
9064
9067
9068
9068
9069
9070
9071
9072
9074
9076
9078
9079
9080
9080
9080
9080
9084
9084
9085
9085
9085
9085
9086
9086
9087
9089
9091
9091
9092
9093
9093
9093
9094
9095
9098
9100
9101
9101
9102
9102
9103
9104
9104
9106
9106
9107
9108
9109
9110
9112
9114
9115
9115
9115
9115
9116
9116
9117
9117
9119
9119
9121
9123
9125
9126
9126
9126
9127
9128
9128
9128
9129
9130
9130
9131
9133
9134
9136
9136
9137
9140
9142
9142
9145
9146
9147
9149
9150
9150
9150
9151
9152
9152
9153
9154
9154
9154
9154
9155
9155
9155
9155
9157
9157
9157
9158
9160
9161
9161
9162
9162
9164
9164
9168
9168
9169
9169
9170
9171
9175
9175
9175
9176
9176
9178
9178
9178
9180
9181
9183
9183
9183
9184
9186
9186
9187
9187
9187
9188
9191
9193
9193
9194
9194
9195
9195
9196
9197
9197
9197
9198
9199
9199
9199
9199
9201
9202
9203
9204
9204
9205
9208
9208
9215
9215
9216
9218
9219
9220
9220
9222
9223
9223
9225
9225
9226
9228
9229
9231
9231
9232
9233
9233
9233
9234
9234
9236
9236
9236
9237
9238
9239
9239
9240
9240
9242
9243
9245
9245
9245
9245
9249
9250
9250
9251
9254
9254
9256
9256
9257
9257
9257
9257
9259
9260
9263
9265
9266
9267
9268
9268
9273
9273
9274
9277
9277
9278
9279
9281
9281
9283
9284
9284
9286
9287
9287
9287
9288
9288
9288
9289
9289
9293
9294
9296
9298
9298
9298
9300
9302
9307
9307
9308
9309
9310
9311
9311
9312
9312
9312
9314
9314
9316
9317
9317
9319
9319
9320
9322
9322
9324
9324
9325
9326
9326
9326
9327
9327
9329
9330
9330
9333
9336
9336
9337
9338
9340
9340
9340
9343
9343
9344
9345
9346
9346
9348
9349
9350
9352
9352
9353
9355
9355
9356
9358
9359
9359
9359
9361
9361
9362
9364
9365
9365
9366
9366
9367
9367
9368
9370
9372
9374
9375
9376
9378
9378
9378
9380
9381
9381
9381
9383
9383
9386
9387
9389
9389
9391
9391
9391
9393
9395
9395
9396
9397
9400
9400
9401
9401
9401
9401
9402
9403
9403
9404
9404
9404
9405
9408
9408
9409
9410
9411
9411
9413
9417
9418
9421
9422
9422
9423
9424
9425
9426
9428
9428
9429
9431
9431
9432
9432
9435
9435
9435
9436
9437
9438
9438
9439
9439
9447
9452
9452
9455
9455
9456
9456
9458
9459
9460
9464
9465
9468
9468
9469
9470
9470
9470
9471
9473
9475
9475
9476
9476
9478
9479
9479
9479
9481
9481
9482
9483
9485
9488
9490
9490
9492
9492
9492
9494
9495
9497
9499
9499
9499
9500
9501
9501
9504
9505
9506
9508
9510
9513
9513
9514
9516
9516
9516
9517
9520
9522
9523
9524
9526
9527
9527
9529
9529
9530
9531
9531
9533
9535
9537
9539
9539
9540
9540
9541
9541
9542
9542
9544
9545
9545
9545
9545
9545
9548
9549
9549
9550
9552
9552
9552
9554
9554
9554
9554
9556
9556
9558
9558
9560
9561
9564
9565
9565
9565
9565
9566
9568
9569
9569
9571
9575
9576
9577
9579
9583
9587
9588
9589
9589
9589
9590
9590
9591
9592
9593
9594
9594
9595
9596
9597
9597
9599
9600
9605
9607
9608
9609
9610
9611
9613
9613
9615
9616
9616
9619
9619
9620
9620
9621
9621
9626
9626
9627
9627
9628
9628
9629
9631
9631
9631
9631
9633
9634
9635
9636
9636
9638
9639
9640
9641
9643
9644
9644
9645
9646
9647
9653
9653
9654
9655
9655
9656
9657
9657
9658
9658
9660
9662
9662
9663
9663
9664
9664
9665
9666
9667
9669
9670
9671
9673
9674
9675
9675
9676
9676
9677
9677
9677
9679
9680
9681
9683
9684
9685
9685
9686
9687
9687
9688
9689
9693
9696
9697
9698
9699
9700
9702
9702
9703
9704
9705
9705
9705
9707
9708
9708
9708
9709
9712
9712
9713
9715
9715
9716
9718
9718
9719
9719
9719
9720
9723
9723
9723
9724
9724
9724
9724
9726
9727
9728
9730
9731
9733
9735
9737
9738
9739
9740
9740
9742
9743
9743
9743
9744
9744
9745
9746
9751
9751
9751
9754
9754
9755
9756
9756
9757
9757
9758
9758
9758
9760
9761
9762
9763
9763
9764
9764
9765
9765
9766
9767
9768
9768
9771
9771
9771
9772
9772
9773
9774
9775
9775
9776
9777
9778
9779
9779
9779
9781
9782
9782
9783
9784
9784
9787
9790
9790
9790
9792
9792
9793
9794
9796
9796
9797
9800
9802
9804
9806
9806
9807
9807
9807
9807
9810
9811
9815
9816
9817
9818
9818
9819
9820
9820
9822
9824
9826
9826
9827
9827
9829
9830
9831
9832
9834
9834
9836
9836
9836
9838
9838
9839
9840
9841
9841
9845
9845
9846
9847
9847
9850
9851
9851
9851
9852
9853
9853
9854
9855
9858
9858
9859
9859
9859
9860
9862
9862
9863
9863
9866
9866
9866
9867
9867
9868
9869
9870
9872
9872
9873
9875
9876
9877
9878
9878
9878
9880
9881
9884
9884
9885
9886
9886
9887
9887
9889
9891
9893
9895
9896
9897
9898
9900
9901
9901
9901
9908
9910
9910
9913
9913
9914
9914
9914
9915
9916
9924
9925
9926
9928
9928
9929
9931
9933
9936
9937
9940
9941
9941
9942
9942
9944
9946
9948
9948
9950
9950
9952
9953
9954
9954
9955
9955
9957
9957
9957
9958
9960
9960
9960
9961
9961
9961
9964
9965
9965
9966
9966
9966
9969
9972
9973
9973
9975
9979
9980
9981
9981
9982
9982
9982
9983
9984
9985
9985
9985
9986
9986
9986
9988
9988
9989
9989
9990
9991
9992
9993
9994
9995
9995
9995
9996
9997
9999
