4975
8786
5468
4830
8238
9862
6655
6208
5611
4538
316
6155
48
9946
427
1667
2760
5453
3152
3396
5419
3581
4127
4337
9866
8314
6596
4833
4617
5534
6582
9236
2716
4521
5568
5284
6236
3449
2567
9611
5399
5970
9380
7336
6589
4429
5563
3998
3366
8214
3018
8352
9154
5632
7452
6472
4414
3463
5830
304
5971
3745
8435
2209
1394
3649
1992
3533
3440
3127
1728
419
5430
6592
5689
4082
1340
6079
1979
1820
3283
2384
6011
1487
9552
6176
8800
1746
3153
3467
7695
8028
6262
7100
5418
7432
3607
1253
6707
8562
1723
3771
4566
5775
7761
2676
9236
970
7107
3000
2382
4077
7641
6158
369
2206
7524
3002
1746
6298
3005
4520
998
4832
8350
4182
5762
5902
4262
8757
955
7897
1836
3175
7547
6672
1382
5785
9796
8177
6074
6019
3527
7870
2785
3313
5018
9664
6625
1232
799
2909
3426
8814
8042
3205
7640
166
1869
1012
2652
8588
8760
5439
484
5556
2521
1343
9155
4564
4293
4263
9022
2872
3459
6949
7245
8634
2433
90
8564
7696
1566
7072
7345
1762
8837
9605
6423
9704
5869
5705
959
5029
6190
7703
9223
7738
1650
1300
8807
7322
4878
9422
5009
2949
4010
6953
1658
6216
2914
8745
5132
995
3274
9245
4438
2021
1614
3
7450
4495
840
5792
8390
9391
297
5115
5394
9924
4502
9199
8618
2603
5276
7412
9552
3357
4637
5642
6256
8269
2097
4681
5692
2350
5377
6688
7935
8298
1027
1781
6449
1992
578
6962
9084
9232
8562
7540
4807
9152
3895
6186
8744
2134
4155
9531
2199
1302
9343
8789
7309
5240
5131
6446
1097
2161
3866
9389
7440
2624
6346
3403
2285
4566
6553
55
6213
6121
3292
8536
6529
6275
3881
7389
3068
3861
1011
3038
1584
3611
8125
5248
4302
3252
8332
1665
1588
6256
6406
3499
3192
5142
5244
2071
1321
890
3479
2178
5618
8532
8576
4345
6770
6680
685
571
1358
8928
4840
4271
889
2581
7312
9322
6052
4452
8520
7512
1117
3679
856
924
3677
7475
3325
9080
7341
3015
4651
9183
2477
4804
6463
5858
5368
1384
2673
9257
4112
1918
3228
4125
8704
4714
8617
5412
2329
6265
394
8782
394
1515
8432
1703
8423
7086
5081
5843
412
2521
7495
6658
6493
8627
6190
3721
1948
7115
1118
5860
306
5034
4743
9242
2941
1613
1825
1042
8578
5119
4186
6866
6865
737
2848
5190
8826
4965
2676
2338
5987
1844
8378
1747
1637
4104
7379
6934
5693
9933
4748
4530
478
2378
7561
5046
6421
7429
9343
6909
389
2768
4529
5742
4503
6440
7269
8189
3650
7421
1404
408
3028
2018
1793
4523
4462
2753
7883
7752
609
8917
915
3485
5888
1338
3989
7666
8174
8980
4926
2659
9481
7077
7000
8945
2600
4925
1478
7731
6794
1253
387
8483
6525
5086
6220
1258
6413
6419
9751
7987
164
1233
3643
5507
2448
900
2307
9781
2737
9822
6891
750
7866
9643
553
6651
7546
5661
2611
2893
4440
8277
3051
2156
636
4519
1712
8815
4714
7953
5177
5284
5332
1515
2032
6828
9697
243
4496
6444
6170
661
9187
6557
8772
478
8720
6390
3615
5355
2956
9658
3932
6350
1316
8324
959
7636
8883
1465
966
2486
4746
4473
5176
7372
9723
2094
1406
4249
8633
8987
3825
5813
3806
6060
2060
7434
3020
8629
5141
1154
296
1171
7870
6127
8988
3055
6352
8689
8054
1465
3527
9117
2491
6293
8170
3391
1044
1959
137
1397
905
9993
577
9164
513
8181
1683
1116
7225
8581
9294
1699
3154
8364
9378
5328
5219
4078
7296
2375
2970
996
9757
7445
2742
5376
1898
5486
874
3532
3994
4377
6967
1098
4893
8839
3701
5222
3945
6111
5422
5029
7083
8390
9687
6540
7315
2419
1889
3331
7966
1674
1484
1025
6775
4455
5375
5605
2402
4274
9545
3522
3622
7282
5594
769
4364
5544
802
603
3067
9289
4090
7965
2860
9764
2534
3360
3743
9941
9481
1985
1199
9287
4009
2600
1528
2062
1769
2121
5079
5115
6784
1566
8775
262
9571
4931
5574
4367
9898
461
2797
1771
1648
6427
2562
2909
413
9093
5522
8791
8982
4003
1893
4986
4176
9756
440
7671
3912
1734
6810
7175
7004
7841
393
3403
3568
8633
7011
1834
2066
1542
7992
100
2019
4632
6792
9575
4678
4619
7646
2197
5423
3191
3823
1796
8833
1749
4703
1666
3715
3147
6466
8090
3593
9289
1181
4356
6149
9492
3159
9589
8168
8703
1171
6864
1481
1976
7883
5666
7363
3773
709
8496
108
1941
9636
768
6594
4244
411
2144
9645
8229
8235
6623
8276
111
168
4159
2442
3757
6876
8589
9878
5557
6934
4178
8972
8174
4960
657
3603
1856
5366
6779
241
6641
2675
5594
6231
5087
4819
1840
1478
7288
6490
6695
4726
3528
9383
8898
370
8386
1949
8320
4071
5282
306
4020
4427
2261
9319
5658
2965
6414
8839
3992
4091
3191
9887
46
8355
109
5381
3884
3953
6466
8728
6241
7252
9356
8239
5911
4440
2027
1270
9709
3025
4517
3993
8776
4806
4646
8829
9322
410
9421
7335
661
7777
759
7081
2096
5370
333
5978
4479
1719
2809
1636
9588
4241
2890
5289
7895
6771
4649
4111
3063
2244
1165
2739
8641
9169
8280
3202
7643
2981
4903
6840
7569
4431
911
8937
7693
1041
1324
2185
1765
2095
4618
3641
4604
2504
5353
7689
6817
8259
5577
9608
4434
8256
6847
9204
5044
2522
1297
5632
7921
888
6378
6161
4733
7580
6050
8252
1232
8828
1844
2729
4265
714
9479
5339
7087
8455
4101
9619
7890
2827
9620
8242
4361
4035
9542
6412
5611
8697
8762
4811
7136
4820
7086
2511
2904
5391
8984
6726
1989
3024
9389
6814
4435
2378
4406
6408
449
9129
5954
2593
7519
1285
573
7451
2952
7057
3030
9644
2570
4113
652
5377
4492
5051
6930
3588
542
6974
1814
8705
9355
3385
6058
3396
9194
2651
3665
7731
6300
5341
9779
1605
8655
1385
6992
9429
5249
742
8597
8576
5845
6878
9432
4015
4177
966
3219
2199
1726
5878
1253
6981
8779
3074
3443
8471
6588
2576
1370
7425
7735
2533
9545
4196
8603
4898
3271
5697
5531
8023
395
2527
7448
3111
6541
1384
6476
7107
8121
8383
3213
7235
49
1542
8084
7513
5200
1673
2587
447
2770
5742
9287
101
5049
6944
8418
870
2467
192
2973
3046
2548
9112
7455
2793
3716
8616
694
2826
6253
7824
8252
3671
9080
3544
6584
2802
8642
2955
6674
1974
1896
2792
1145
4727
5259
9091
8416
1163
693
151
7828
2843
420
8676
1789
2306
5306
6499
1164
3697
4228
1428
3727
4871
5039
7493
2494
7711
5084
9157
8076
4329
4789
7306
8480
9029
6106
9877
5853
1672
7011
9746
2645
872
8377
4720
4176
8104
198
2366
5069
6532
8246
5355
2469
3250
2966
6554
9964
7896
226
9587
3955
168
1122
6065
9268
3150
9376
3582
6561
503
9053
3606
5567
1045
6968
4848
5235
2326
2615
2851
1775
7250
5751
2814
9468
3845
3875
4992
4417
6787
9107
7235
5576
1863
6710
8593
4558
632
4968
352
6667
3473
478
5742
3434
2026
7669
7210
7821
4271
6210
7518
2380
8090
5104
9960
4278
7658
6149
7986
9085
6109
6362
2237
7008
6220
1260
958
2486
1427
6340
1578
7760
757
480
955
635
2025
4387
7977
6844
9079
9128
7269
3956
6099
927
7225
7296
808
4174
9590
6685
1489
4193
2491
7057
4156
9597
8997
5823
8682
8320
3715
4229
4517
9319
1155
9336
191
2541
2717
4336
5449
8171
5216
2413
1548
5363
6350
9662
5537
7013
7043
7048
6114
6168
9686
3158
5596
6617
9140
1689
1067
4363
1335
9307
1416
143
7306
3384
3751
5454
6714
4741
8952
1280
4988
3725
7034
2350
3909
6463
4949
5394
6908
5130
7901
1898
4636
5399
8264
5134
8083
31
9393
9897
1847
8027
2889
5742
8389
6158
5427
6691
2874
3378
1250
5453
8842
8034
1270
2563
6307
3032
108
321
9644
3403
3121
1765
7957
1436
8025
7464
1639
9035
9346
2481
4140
2052
4032
7433
3889
9527
830
5016
3306
1953
5958
2978
7957
7355
8299
6108
6009
7731
4022
5250
2338
7282
9873
1980
9043
3614
1022
9404
2449
1391
1601
119
3638
5086
248
9887
3807
2002
8218
8964
6913
7245
9353
6768
4117
7168
4566
9566
5574
1510
7500
8311
3031
5944
1690
756
3555
1227
5221
6348
9516
5384
212
8541
5513
9656
1427
9147
127
1645
337
6639
5913
1598
7727
345
5659
4855
2434
5527
5009
7084
8145
7582
1624
2007
465
7975
7043
8663
9067
5479
5543
8443
2056
7673
3748
4977
5479
1359
4197
2947
4431
6762
7860
745
642
1668
5894
5117
8430
8561
8507
4913
8117
1663
1303
1852
551
1735
7662
3929
49
6424
2900
9175
9792
1792
4177
7770
8891
4105
5585
33
1179
9629
780
8770
6614
7375
1045
8559
566
3184
848
5630
7132
646
7112
6899
2735
4210
8178
9391
2968
7993
5326
3437
7477
5209
714
1008
5550
3775
515
7499
1226
403
4358
1417
7348
4039
4313
4670
5616
9834
502
5582
2077
6121
808
6602
1469
4898
176
2898
9776
9130
3524
7316
1259
2162
2971
4589
8929
9719
1261
7089
2295
5974
6353
4936
3319
8804
565
9485
6047
7022
3488
2525
8245
1010
6526
803
405
7928
4454
9545
6955
8101
2790
7318
7479
4868
8075
1792
7290
760
5142
8818
1736
8912
814
5445
4237
4906
7632
3466
1088
7315
5521
9142
1874
2668
8054
2742
8014
6757
2031
9062
9202
1156
1896
2196
6375
8394
3365
823
3254
3744
8637
5291
7560
9731
7327
3768
5612
1311
7729
1971
5860
4746
9074
414
9059
4739
5265
414
7854
3426
2874
3337
3841
7265
9832
5665
9499
7930
4865
3225
6954
7615
1671
7870
3347
419
5265
1337
5958
5142
9168
6967
7312
1313
9316
5128
5453
1784
7474
8004
5221
9455
4778
1657
6785
7657
9047
9689
1158
6539
325
1041
8823
9537
9115
6034
34
3686
9545
8428
4333
3499
8677
5566
8718
4392
7547
9653
8103
4738
4888
6751
4740
3384
6247
837
294
8254
728
2378
422
1651
4356
4007
8045
4939
6124
1189
7920
5573
3489
8707
605
4874
932
3461
9405
3761
7753
9042
733
731
3799
8543
1237
9944
3189
9886
3304
1092
5562
5382
6630
4119
4960
2850
5380
2783
1772
1568
4479
9027
5342
4522
6070
9982
4946
2044
5687
4262
1174
7706
1674
1644
2540
4139
458
9051
6512
2741
9374
2886
6550
7985
5976
4435
3757
6837
3248
1593
688
9003
8198
1905
7653
6422
4693
6420
6098
9401
6473
6505
2394
103
9980
7533
3779
5758
2008
1676
8224
9195
2459
7820
6213
8617
15
5748
9675
614
8600
3869
1994
4628
2411
6465
8736
3422
3623
581
334
3341
9068
9541
4531
4153
523
3550
1808
9554
1124
8697
2664
3400
1867
2239
5852
4633
6314
5056
3759
6297
1466
1769
3066
6447
3064
8027
3308
1671
9089
9233
5520
3618
8056
499
6453
5675
8286
5381
3016
1896
4743
1395
8336
7391
1900
5643
1867
2678
9960
186
8442
7512
1027
8569
8450
1667
1737
5117
3646
6015
6311
5187
3960
4609
6978
6184
2254
7714
9045
852
9766
2405
3254
2252
4869
9531
5927
3601
7791
1509
8285
7542
7434
1350
4213
4006
8920
6143
3663
7201
8321
2567
42
1543
9411
9782
7331
5383
9595
3475
2408
5815
6388
3426
1292
8469
1652
1709
9366
9609
735
8045
5359
9895
6413
5872
8663
3303
935
4353
1515
9161
3043
6816
7547
5342
4753
857
6695
6741
6640
6805
7502
8851
3886
988
4704
7390
3689
883
4457
3053
4105
7463
1302
2262
5322
347
4521
6390
3593
3880
9447
7591
4330
4848
2220
8173
2565
8747
8351
2648
4678
8379
3193
9180
9350
5350
5569
1965
8060
471
1847
7184
6829
3364
849
7320
8897
6285
2697
8180
1798
5683
5553
2768
1626
8509
4365
6729
5297
4467
3194
8709
7769
9432
9345
9719
7778
8316
5968
4456
9737
1317
9222
6883
9359
4056
4074
3687
4044
7475
3041
3761
5847
7808
9841
4527
144
1600
2632
6652
5745
6553
5800
3908
6499
677
8383
3348
4396
8532
1394
9683
3774
7774
5171
9593
2004
3168
2190
8392
5440
2969
2649
6231
8818
3857
2706
4381
2097
3685
7867
7862
9205
4210
123
4318
1905
7705
558
1151
9401
3049
3997
3844
5274
3930
1670
2871
7383
5295
8103
2276
88
5901
9329
4211
6708
7504
3165
474
1893
1254
6033
6895
8027
9134
4096
7451
9847
3156
6336
8625
4224
5299
705
6038
9966
9621
2884
9867
1533
9133
5216
8520
1162
3678
9958
904
31
6010
3349
5604
7043
8592
1455
723
8920
1970
9119
1241
6070
8525
932
7529
7598
5588
6954
8545
6739
6099
6762
2999
727
405
8374
6189
7637
4503
1904
757
6086
7122
2252
1254
388
6006
2803
1771
2659
7961
4773
6802
6948
7490
5942
2024
6337
7565
9026
8207
5524
974
9790
9730
612
5933
2504
4809
56
6358
1929
6084
8455
2883
473
7853
4927
411
4159
1815
8625
6220
5
4766
3574
974
4713
2543
2166
1893
912
1823
1891
6976
1424
7111
5802
682
1305
796
5235
5475
3990
9705
3482
9991
7331
4717
6240
7448
4066
4420
8090
3951
1631
8055
1553
5289
4816
8208
166
2724
3967
5308
6989
7420
4790
2103
5472
2772
9955
2832
2369
6184
6605
9136
9806
8090
6946
4127
5420
5469
1242
6254
9667
2197
2474
5057
3048
8872
5831
9556
2201
8791
7482
4213
3127
1737
238
1162
3635
4633
8892
6439
9145
3433
9116
3622
4323
4656
4526
8764
4339
7870
3019
2772
3562
7061
5235
2908
2440
1592
6331
6139
7203
3062
7239
3250
7351
8280
2552
5107
2768
3710
3751
8569
5016
9836
2262
2220
1184
5674
2145
6447
8270
7306
6227
3789
7938
1930
7074
2767
9505
1049
2498
7104
9613
4910
2383
5661
9085
1957
5194
6915
8959
6137
1633
3478
3978
3812
1322
2069
9884
8169
4778
6635
7675
2999
9768
1327
5667
1506
946
3110
946
7225
2274
7650
1005
7696
8693
9957
4695
9057
9797
9039
1477
8400
1390
8626
6593
8581
1486
2450
7982
8578
2100
7914
2595
7260
4894
3684
8501
1533
6616
3931
9431
1524
5320
6385
5106
7281
3859
2818
342
3818
9013
4666
7020
5114
5035
7679
7346
8015
4708
5365
2323
8176
539
7812
8365
2521
8191
5956
6313
4050
4209
3210
6267
4668
5918
3295
9699
694
3878
1521
3867
592
9858
7998
9408
6373
6274
6638
5414
9673
1455
836
7051
1740
5331
1448
204
3329
7588
2606
1676
442
2180
8459
6298
5315
4268
711
4563
9397
7801
7208
6540
352
5174
1633
6616
6479
2830
6050
6030
5765
4438
2951
9060
4348
8087
4093
7020
3608
9988
6981
9002
8427
4129
5295
4868
9616
4971
8050
5203
9051
9365
4026
668
5466
2914
1887
9565
5400
9544
6364
571
7058
7237
1655
7051
1356
1701
4716
7272
3628
5589
7637
8455
3172
7408
2151
2270
3085
749
2718
565
3862
4870
6994
4980
6704
9375
3886
863
8441
1616
3024
9839
9464
7583
1106
3861
236
5010
1290
884
7482
2835
3187
237
8103
3215
9359
6570
7641
688
8458
4932
4771
4276
9428
9558
1116
1843
6683
4283
6562
8608
9961
4996
8821
1271
3768
6578
2433
6379
7079
3201
5541
6303
8128
3141
7255
2144
4389
8684
7231
7451
7768
4321
1230
1149
682
8534
2151
1429
4465
8370
2245
4351
2332
3827
4172
7575
2102
1504
7587
2799
1352
6590
5320
7888
8852
267
6234
6490
9344
6832
9705
8443
2283
8135
7302
6390
5007
5482
4368
2748
8306
8705
8665
6609
2378
1501
3425
7454
2867
1648
7270
8979
1068
8834
482
2000
4235
7467
1043
7503
7790
8555
1504
703
3536
8479
5038
4985
2840
6605
8245
4855
333
5866
9677
4718
7148
850
5920
7931
1636
154
9501
7216
1174
3335
5604
5567
8554
7374
6046
2545
8533
6806
4871
6060
4864
8914
4825
1296
9520
1854
6414
8440
6847
973
3593
7001
1995
9787
1625
8255
1493
9352
1706
5156
8529
1941
6989
7384
5328
348
9268
5057
3524
5752
7375
8451
4197
5105
6688
8437
9104
5423
3720
5892
1787
9093
5188
4567
2754
5081
9317
1164
9852
9988
3441
1683
7603
4836
9238
4349
6576
8903
8427
9755
3732
6403
276
6747
1147
3337
3815
4048
5544
3676
3401
1836
1728
3324
434
1717
2143
8022
8240
4341
3658
314
4898
199
5564
8307
7866
9121
1986
5394
3223
7954
9657
1961
4455
9739
4483
5097
9685
2813
2689
5042
4493
7054
5466
2554
9439
5401
1145
8529
1908
2800
4823
4784
3601
6851
1793
7480
6106
8927
9840
1591
6267
8135
9867
8809
8871
9807
1244
8001
4783
8024
1667
3164
7442
9723
8307
4653
8462
1787
8297
1154
119
9312
1419
5792
9529
6164
5218
6936
6161
6286
2021
4111
8695
4556
2528
6662
1320
3479
7823
4309
1642
4582
9670
5685
6197
2686
7206
4360
5377
5542
9225
2172
3644
4745
1187
9745
6294
3200
3407
478
981
7714
9187
8642
2831
8435
7619
5424
4368
9615
3763
3192
2639
3702
1953
1554
4329
9049
3834
5574
7882
6807
9878
2763
1859
5373
6613
7763
795
3109
3210
7754
998
7012
609
1035
9024
9845
4803
4880
9878
804
9607
589
2974
6959
2056
1860
8651
4389
3180
5694
993
7145
4215
8016
6213
3260
6008
2303
3614
9314
1021
5301
9288
5455
8347
1924
2145
2688
2988
6923
4514
5539
7980
3817
4800
3059
2091
9197
5844
3051
6420
3854
6188
9004
3488
9936
6653
3610
4555
8910
5813
8580
7746
8102
4863
8148
1347
1395
158
5112
1876
3204
673
4127
4538
3850
8121
1352
4928
1073
7598
2623
381
6453
1438
993
1560
3114
4378
5204
8212
3898
2780
1029
5541
3475
5395
5195
1270
4011
6585
6194
3623
3736
8410
6451
3724
8609
7597
4901
5409
9740
4589
5171
7041
1848
4452
8751
5500
8565
721
4120
5487
2979
6575
4900
4453
4407
3394
7952
4010
211
4498
6980
4394
1494
4360
2380
5426
8660
8196
2901
9234
9249
7880
4500
2790
1823
492
5886
3780
3990
9764
1553
483
9989
6917
6827
7721
4713
7577
6432
4541
666
4380
2025
4444
5811
8998
5115
7498
5017
8345
7957
7722
9426
5505
2316
2468
5893
6057
4675
6092
4262
1770
245
650
2910
2236
5780
9076
1546
9775
6539
5328
7576
4095
9473
2282
1273
3052
9273
8684
350
8247
62
1305
1820
9631
3019
1583
7137
806
9482
4430
9364
9827
4433
2652
3136
4120
4107
789
6001
768
2622
4933
7346
1657
631
4756
3314
8005
5070
6326
4453
2535
3843
5726
7320
9914
58
1727
1369
7443
6795
1046
7372
1564
9492
9267
4639
9175
3314
7949
8475
2668
4109
3852
6460
1104
667
9640
1900
4176
4073
6567
8891
5443
5682
7500
4671
9085
7737
7336
7330
4074
3221
6661
9549
343
6677
5974
6448
3768
9545
2427
3701
1817
9041
3697
2475
4413
5135
7822
4588
7637
4222
5167
9556
5621
2524
4721
147
4665
9853
4568
6551
7130
8509
4982
8925
4167
8562
7504
6529
9340
133
3063
6300
4561
7445
3114
4541
693
7123
6397
2915
7863
4328
2380
5307
6058
3704
7127
9702
310
615
8934
498
487
9208
2214
4707
7252
8074
3069
6396
7959
907
5028
250
1951
4257
1222
4233
8756
6483
9284
9738
1064
4108
1049
8142
2079
2904
2542
4892
5380
6624
5553
6377
4593
1017
3957
114
8221
3979
9402
797
7931
1933
2254
5702
490
5766
5699
9128
9126
9758
7161
4671
4754
9015
6675
6335
3938
9953
1037
4984
2050
4825
3409
1811
4946
7517
2862
1368
6787
2044
384
1791
7550
7685
6374
3386
9150
8775
3136
7212
1513
8450
8597
6213
6991
1110
1781
9108
9569
7504
4914
3356
1143
8848
150
3923
3242
1353
7904
4278
1239
570
3461
60
447
7773
4557
3206
1927
6433
9283
4533
6963
9063
501
6223
2604
6809
7997
5289
8271
4386
6405
7430
258
6640
2467
1539
2055
9115
7024
3565
7587
9510
9438
7381
2286
9470
9102
2567
1406
7299
5251
6336
2338
6743
5584
7923
5682
3347
4039
4576
2962
5420
7006
1873
5368
8009
7523
5470
4836
7103
5605
7181
580
9723
4372
6397
3249
1297
2767
8326
6797
1083
4666
3544
6850
183
8585
8329
131
7357
4053
9110
201
9500
302
5841
474
857
3124
5581
6795
5538
6752
3315
3713
5296
6917
5725
2374
8964
4268
3732
5642
6594
3621
7462
6695
1134
7409
6875
4325
9006
4458
6589
8784
6210
2743
8237
8120
3660
3182
7013
3758
476
6337
4537
9040
4421
6715
7104
8236
1818
2178
5880
4159
4221
2087
6662
7002
5762
934
4221
7573
6667
9064
6849
865
3372
11
5945
6907
7648
6606
1616
8732
5770
7225
6210
1225
5442
6703
6314
3592
9039
6339
1260
754
5366
2362
511
7685
5855
9085
3079
4348
4540
2174
9479
38
3641
7147
4305
7772
3149
470
621
8552
9058
2472
1483
4540
4106
4830
2956
2112
8431
1337
8154
2924
9068
1067
9620
8719
9726
5913
4978
2918
2345
9401
9087
5642
446
5297
4237
8270
1946
3442
7265
1388
387
4015
2688
6222
9646
2340
6660
2813
8643
2810
6111
7828
4504
2922
2952
7725
943
3333
6967
5489
8526
3873
1085
5105
4045
3283
6872
5696
7483
7167
6992
3825
2267
1921
1414
166
5756
8878
6341
5512
5049
3670
6944
6252
7511
8587
7084
3817
8266
4209
1087
8496
8692
3820
381
1409
9027
537
9062
4476
1087
1071
4943
905
9218
716
3913
1146
4628
6187
3791
8142
7484
4738
7569
2894
9326
604
6887
4837
9754
3456
8520
2324
5408
3963
89
8109
8763
2220
4239
8715
2350
6699
8936
9404
7645
1516
4159
6230
3224
3426
8733
9910
6886
1113
1763
5808
2503
8146
452
4517
5984
2700
1776
4842
2229
4628
8393
1563
7617
2011
3155
3775
8142
231
1319
8308
6290
6497
9594
8855
8941
6853
2963
7833
7470
3973
7935
2176
4293
5132
6493
8288
7935
7155
2055
4376
4324
3573
1193
3865
8546
3933
8379
6673
2675
277
3138
4621
7021
1830
2434
7951
9093
6380
6451
3862
9957
7599
8994
2205
4056
2396
4437
8506
332
291
6287
4404
8091
3460
5045
912
27
6078
6024
6579
4037
6520
2449
3199
9859
9777
2572
9219
295
2308
2039
9628
6604
8162
8220
4053
4456
7965
4310
7250
149
709
2971
5020
3126
6774
6408
2186
3628
8061
3878
3588
9700
8891
2844
8255
9928
8188
813
8295
1144
8364
7338
5950
1521
326
5649
7957
5094
9314
7240
1198
9561
1004
1911
5124
2672
3746
4850
3072
917
2521
445
4964
84
9164
6119
5723
4974
235
1094
9233
1659
9176
2063
4711
6468
6686
6798
869
3617
1566
9985
6155
6662
1481
7010
802
9591
7205
6785
7307
496
853
8808
9684
6328
3089
7255
445
558
1533
1392
8030
3917
2448
3641
8661
1946
4533
1900
7645
8742
6151
7927
5255
5863
9021
9220
9178
7646
8855
8949
9311
3296
9831
2472
2538
5633
7035
3026
1066
9560
1187
4192
8823
5711
3990
853
3596
1657
3283
6395
2748
9175
6432
5263
3639
7714
1314
453
1127
5149
4573
1896
4563
1176
5122
3378
3343
4982
4166
5010
3424
5634
4965
8803
6198
2308
2724
4738
3701
8035
3474
8281
3240
4966
7458
9475
1555
8857
9401
3484
3107
5492
5359
5314
4085
100
1438
3469
9989
6660
2956
980
2208
5688
9228
4252
172
1733
3270
6451
2451
138
6446
1446
7036
4233
1155
1935
5523
1962
8754
663
6797
4799
9417
1280
5345
5540
4327
4767
7080
7425
7905
5944
5801
5331
8573
3000
955
8666
4838
7642
6663
2020
2406
4279
2964
7076
8752
8021
6
3699
7075
4935
7346
8544
3545
911
2574
7221
3368
3000
5244
2626
4185
4223
5210
3277
5817
7347
1143
4515
3476
6765
6113
4557
7594
9540
2910
2723
6567
2880
6639
3722
9053
755
489
1626
6729
3138
3498
7144
6984
3402
3963
1323
4980
3781
9349
8770
2525
1895
7674
9771
5354
8936
4719
919
3015
3154
3177
739
3758
1952
4471
8016
9937
7815
1388
2653
8308
7443
3342
1144
4427
1653
1892
593
2255
6332
9092
2661
9794
8189
4900
463
9231
6461
7287
9149
2255
9579
6859
9657
1852
5548
4096
2730
1368
6758
4491
8018
8341
1312
7395
561
8368
1742
7545
9257
728
3943
4069
7309
2176
7023
5325
4224
3070
818
4163
9995
4536
9225
5933
1268
1512
864
2795
6065
722
3519
1953
7026
4128
5889
7682
1175
8327
4214
5380
9716
7923
5585
4501
8581
2418
3912
3044
6790
8805
4237
354
4995
1111
8754
6510
212
9479
5880
3567
7984
5876
5657
3566
7303
5757
6862
7126
103
5219
1348
4328
1856
6357
1775
8936
3998
3535
9638
615
6535
9687
2240
2062
8738
1054
7673
1660
1850
7000
6527
5679
127
886
8337
3182
260
9404
6709
4141
9452
6233
7458
1733
3497
6547
7068
7038
379
1181
5564
6019
7337
7872
7848
4522
4055
8311
3579
3220
2334
7356
7329
3345
5636
4935
9685
8728
4170
8075
2166
1041
3200
3987
6134
9231
3412
5829
2729
4590
4996
6513
6083
3580
6327
6156
6252
7754
7697
8156
3686
9590
8460
8545
2634
1174
8109
8021
1068
7692
5722
7994
9913
1816
5556
9688
5195
9790
5628
658
2001
3558
8866
8800
2691
3375
4139
6298
1662
518
8887
4889
6086
3529
1885
6143
2410
1422
6799
6751
8318
2478
3936
6122
8539
8464
9403
4245
8643
2518
2637
6789
8723
1712
7738
668
4678
4104
9033
1477
4600
7377
4
1035
3051
5988
8879
6065
7054
4341
8337
7369
3136
718
7296
2243
1323
9850
9386
786
8934
4385
386
1384
2723
8376
8382
1498
5115
8630
8779
4270
896
9277
5894
5200
3557
7808
7618
8517
5676
8752
7809
9981
3863
1790
5342
4329
9541
9126
3483
7721
5164
7638
4841
2982
5444
4500
1556
7656
6632
3547
7980
1419
4770
9326
3746
5594
1021
5366
6818
6092
3966
5707
5849
8432
660
376
305
563
3425
5766
1321
7462
3726
5701
2932
8144
2300
3012
9713
1945
4062
7167
3675
3038
5214
2589
2659
631
7598
908
8689
4628
9724
3964
7743
5034
7410
2552
5864
398
4141
6164
9965
4597
8557
3689
4545
9136
4245
3005
6634
1455
7390
8387
2712
2859
6966
6405
4784
7345
3188
3169
6468
5568
3228
5386
1147
4124
4858
9435
8040
9681
839
6248
7463
2889
4363
79
9992
9281
7651
8948
281
9915
4227
6629
2135
7090
5342
3081
6737
5248
7828
9514
5686
5313
8973
3736
3718
9966
8378
8099
1624
8487
2895
8422
8604
9655
5750
9815
3202
1521
2328
2651
677
3175
3087
6317
8191
3802
5112
5242
4668
6473
392
5707
1097
6579
5384
8647
7790
4498
8577
7961
318
6173
3549
9439
9513
3130
4098
7002
7789
1469
9431
1332
2092
9693
946
4024
7268
2519
5868
7242
6947
3961
2250
2515
5760
3090
6452
8808
9703
2068
6510
6528
5586
9658
5070
1092
1803
3040
2424
1114
3609
6271
3849
7359
8658
3657
3184
2248
4431
6418
8289
6066
1075
7514
4061
2541
9965
5182
8675
2927
8264
8773
4329
4285
799
1582
4744
6516
7142
7831
7972
5443
1927
2207
9627
8854
9554
6265
9889
5333
2834
7901
7398
6200
294
549
2802
3887
9198
1418
3116
9901
2611
9806
5875
19
1423
5349
2454
5128
874
1946
2314
7497
1085
2829
4060
9863
5024
663
4052
2037
4387
1524
7280
2917
6520
477
2985
1958
6133
2687
5901
4181
6040
6702
3190
8441
4750
8989
5347
6857
3393
8167
2827
5303
9779
8447
645
330
3474
5604
9775
8655
5032
5543
654
2694
5632
9782
1785
7023
5341
4903
7520
4510
8737
2037
322
9273
2501
2793
427
3928
6905
7419
5353
5644
8668
6728
1202
4040
4738
1185
3977
7708
9635
833
8878
9460
8001
6557
9950
5735
9423
8444
6397
9437
3811
4029
2041
7605
323
6779
7391
5164
8357
6737
9330
4552
9086
8801
1608
622
6492
1150
8098
6192
5218
1570
999
7899
875
3071
1866
7336
3621
6181
5925
5709
3806
2317
7190
2555
7045
8772
9400
6708
5667
5260
6172
4981
6428
8069
5108
6015
4189
5757
6458
8291
7478
6971
7974
3157
9669
2713
893
655
2926
6663
3192
2355
4765
3581
6432
1389
776
1812
925
582
2205
5230
6459
3051
6388
4026
3999
668
9456
5390
3054
4511
6153
2707
3336
6026
9540
5048
1207
3702
3433
3242
4339
9229
3368
7329
3559
5660
573
7412
3520
6484
3507
8357
378
7258
8532
2438
3057
5703
6699
4721
5500
6340
1082
195
5823
5037
6931
5507
9154
4057
8845
497
7354
5494
6359
6777
699
6999
9708
7655
3431
6699
7555
4598
4312
8889
4817
2119
5075
1544
2402
3964
1650
6248
7607
2415
2164
5103
5580
6344
4773
8688
2802
2362
7837
3563
972
5152
5494
6497
5522
485
9215
562
1463
2052
6506
163
181
165
9160
288
4221
670
3369
4311
1615
770
261
3578
8328
3314
176
2985
542
7557
1694
9324
1304
6577
9523
6907
6166
5391
9103
3046
142
353
2546
3003
4919
1175
7466
6856
6960
9115
3995
5906
4468
8461
9352
781
2306
2540
4996
2379
626
1467
4977
989
5692
8142
7172
3191
6562
8651
5209
6143
877
7268
8340
7683
721
4371
7849
8640
2055
8158
5099
8710
9677
6489
1092
3183
9928
8356
3380
8440
1255
5309
6984
7371
44
8706
940
4796
3320
7372
4317
7460
7224
371
6073
4719
67
3690
5470
765
4968
8255
7452
9183
8389
1431
3417
7905
9589
5070
2288
223
2966
190
9995
8476
7415
3577
2512
4201
8930
4653
3438
4777
7791
6665
2913
9259
2953
3110
2469
5090
6084
9036
3366
7265
7165
5843
4262
2524
3753
9130
9744
4246
1688
3698
4869
6022
9367
148
7100
4021
4867
915
2436
473
3788
2551
9030
2421
8068
1793
190
8005
8507
294
6982
7982
8782
8342
4404
1955
8830
2051
6500
6068
6089
9278
4346
3172
9333
4169
4570
1963
1363
6915
6176
2428
6191
1725
6778
9862
7039
8193
2715
6712
372
9779
5874
3854
8469
9990
8545
6974
9287
9569
5551
5248
6357
5002
5380
3622
9348
2737
4396
4347
9762
2346
5327
7954
2261
3422
1273
6215
5797
753
286
1116
8793
9743
7993
5278
4750
361
7635
1399
2532
3642
5063
3971
6705
9855
6519
3580
1942
4243
7404
4305
5225
3534
6681
6295
3187
3360
3219
7846
5849
9712
864
9476
8349
778
9435
1726
473
9896
5249
6157
7449
3837
2836
6979
1962
3594
8550
9996
2243
1368
277
6458
5735
8816
7384
8381
8990
258
8383
3050
4751
7097
9494
1250
7515
1753
7474
4586
3701
3543
9381
9926
1643
498
2071
7266
9476
6785
5958
6359
7897
6292
501
2042
6653
3514
1849
5677
3556
6638
7731
1077
5989
409
1577
3169
8048
4460
1319
3976
6129
669
2534
5593
7063
1537
3938
6231
9281
7075
1139
5833
3889
9459
9408
9483
61
7898
4156
4694
1592
3637
7375
3343
1727
3985
1333
4616
9679
1178
4979
7205
3002
9425
1397
9600
9594
7837
6705
2757
6466
7148
5756
5119
7316
4790
8253
1188
3307
4701
6815
3251
8381
1670
6024
7151
4453
5150
1012
1486
7236
2206
7279
4379
3666
6322
7489
3454
2283
9626
2733
5176
8085
1583
2705
1414
8652
8456
9199
2623
1786
1765
7669
259
6721
5103
5408
3731
2009
3781
9490
5664
2574
1571
880
896
3623
9724
7385
2288
435
3609
8870
7409
7013
6477
529
9086
6082
9858
7280
6591
5724
7903
7330
6221
9300
1207
293
7157
8345
8758
584
7748
4692
102
2623
7083
7786
1745
1243
9834
3526
8922
9972
2737
6156
3719
9455
3624
4781
7248
8837
3977
9049
5994
7428
446
7705
7853
2037
9735
8740
6316
1249
4310
6243
7699
4473
6326
6248
6136
3577
8864
9982
9676
9488
4912
5888
4361
7809
1624
2950
5544
6187
8102
4356
362
1475
2061
9517
9169
3262
5101
7577
3117
4774
4719
4559
7715
7360
6649
7579
1418
3920
3796
2520
9973
2152
7406
4487
8730
4778
7559
3301
2467
7184
1380
6845
8219
9698
9383
8365
3102
6632
3544
5835
6490
5998
7262
4317
4762
365
8131
7807
1079
2319
7764
5263
9197
9006
3169
9720
1468
898
2843
2882
1114
5760
6585
639
663
9665
5704
8342
5353
9999
5617
7476
4704
1450
2174
7895
8820
4894
115
600
9009
5288
2354
3527
7190
796
5171
2850
5889
719
5405
7840
5529
4194
3091
8298
883
4547
3405
9851
8392
4586
8481
6046
2247
8937
3439
1034
1189
532
8983
6284
4614
7109
1807
9613
3856
3743
6897
4361
1191
7371
8915
1780
6451
9522
4544
3233
9838
327
832
4001
6839
6422
1031
8086
6734
5206
4351
7257
2549
7965
9411
8404
3716
5255
8304
4937
254
7377
7864
1039
59
8797
5674
5895
5308
102
6767
8469
7006
9078
4343
6838
3176
6025
749
1502
8222
394
6592
2865
227
3080
3019
4876
1231
6983
9631
1332
3605
2591
7497
3176
633
5886
737
1120
4147
4718
9763
4640
5481
5935
4682
6882
9827
6642
6689
3337
9576
8474
3570
6440
5977
8131
3144
7754
143
2647
3174
9196
5876
229
1380
1051
8942
7528
4959
4699
9639
287
2530
6428
7913
7365
6943
409
9492
2814
4180
1497
7166
7650
5189
4238
4044
6681
7542
6012
2816
9168
4389
1154
4696
415
6437
3618
6710
9157
5605
2964
3020
8406
3056
9810
5219
4743
1711
1047
7084
7520
3564
7965
519
7244
8462
2690
3416
9340
2454
3773
1203
2823
4259
445
2088
9742
7408
1216
698
2956
2710
6440
8272
5766
4300
1428
9288
7631
6111
9783
3595
1221
6435
9636
6475
7709
6899
8371
5601
625
7245
4718
4137
3761
8056
6943
219
6625
4337
492
9513
8382
8257
7482
496
6576
4270
4059
8464
5521
6034
2444
5820
8391
9626
136
6556
5047
8388
4578
2947
9778
2516
7198
6688
5668
6773
6817
282
6583
7187
8085
1965
9619
2196
9675
2516
5681
5245
1020
6521
9298
8783
1252
587
9708
9807
6092
4073
427
5029
4291
5626
4797
5111
5013
1856
2930
9337
1967
5743
4115
3560
5968
2362
4924
1763
3498
5343
8948
9760
4047
2255
8490
2712
9123
2260
6400
1657
2824
6536
2635
5624
6076
8091
3077
2355
6240
642
9250
1685
454
7127
9257
363
4013
6282
5555
6075
1096
6887
3328
5165
4861
1559
6732
6719
7526
3668
4488
8211
6043
480
3643
4877
3209
5283
523
9012
2481
2896
2710
1931
3534
9080
4386
8083
3648
9631
780
1435
473
6089
460
768
5978
3793
2948
7307
8658
8729
5944
577
7731
8405
7502
1073
8899
390
2529
8719
386
7042
8093
7076
9516
1076
8375
4778
6670
4993
2464
4986
5638
6387
9436
388
3110
9041
3405
5994
6956
7989
7587
356
631
8652
8690
6213
4745
5522
6585
3409
9872
6901
6167
8479
8901
6712
5179
6891
8288
9181
3141
2843
4586
877
5778
9583
9975
7588
567
3221
5988
2690
9044
886
3796
6888
1696
6737
7367
274
1504
1942
2536
1638
4973
3602
1654
6651
2920
8219
2673
9104
4675
5481
7467
4193
5825
4614
9948
7615
2753
2674
9435
5432
5287
689
6197
514
4738
4093
2516
8953
8775
1986
5728
7485
3322
5956
3119
9084
1652
1463
8565
2555
6734
2849
8354
2432
7913
824
135
1446
5401
8873
4793
7775
2413
5205
8220
9950
8460
4313
4705
5195
8460
599
6773
6845
4725
8221
7308
6491
8971
5324
6308
9916
610
7832
875
7632
6311
1691
9100
3189
5737
4170
4322
9756
3818
8617
6535
6001
8756
3204
7476
8407
4043
6979
260
735
4599
7744
9400
1507
7968
4704
1270
1868
9676
9424
1168
2954
5101
5207
6534
6489
1140
7413
8220
6783
4371
2918
3120
936
5584
6865
2363
8111
3403
5004
7047
699
5251
2035
5555
1680
2019
4859
5526
87
2028
1598
8886
7177
2735
2497
3394
7873
3563
965
5548
5344
8075
2334
3990
3553
8567
2068
1639
8018
5582
2100
6854
1992
6795
9312
8833
3904
9256
8154
1184
3963
1350
1382
9193
1965
3877
9535
2913
7604
2405
3110
7374
848
2208
8669
502
5313
1758
4547
8696
1669
6846
2151
2058
1467
3700
4805
8203
8255
9137
24
4627
2962
3120
5791
210
3210
6663
1677
7911
7703
7610
5590
5585
2626
8621
9901
1430
8362
8849
4002
5376
2572
941
6320
5581
3574
7322
6336
5213
6748
4506
9621
1325
1260
5889
8480
1960
8817
5167
195
9471
6920
4385
3430
1257
4297
7797
218
8127
950
716
9154
5910
9057
7068
8920
7902
3721
5098
2506
1679
6243
4685
755
3138
3356
1049
8406
2866
2137
6201
8479
6670
275
8711
3559
4514
7048
8023
9119
7300
8913
238
5781
1422
2550
9981
6511
1820
3925
2544
2747
797
7358
5641
2758
5698
2456
6099
4547
5135
4506
4487
1827
1342
3964
1251
4646
1299
9869
5176
4562
28
8809
6294
2215
2690
5312
6703
6230
5836
2160
4576
2134
6665
5372
1179
72
4030
5589
6913
9468
9784
7613
3746
6373
232
93
8943
1559
1614
6369
9718
3076
3134
9188
864
8315
7139
7937
8535
2596
4225
6633
6482
4899
9836
9792
2790
1249
2995
5241
4062
7863
5820
3389
9326
6879
2176
8348
5503
9954
2089
9616
4869
1836
6823
3515
7871
339
5107
6306
9194
9368
7293
8468
6289
8461
9187
3824
8951
849
7058
3471
2328
9767
629
4286
5168
9418
6342
9091
1699
8662
9966
1994
5657
8718
6738
7573
1497
343
4066
2473
5568
1982
4148
9868
9952
7242
2474
5100
6242
3419
639
9378
2680
8748
7693
8941
8051
1905
248
8634
3511
619
8287
8820
3329
138
5455
9012
9381
5677
5800
4004
6185
8182
7185
1194
2188
1732
7889
7395
6742
2445
9358
6471
1690
4196
265
7719
8354
7933
2002
2269
4772
1076
6186
7570
2790
5281
9986
7205
7377
1988
7299
6167
8128
3424
5975
9859
6381
1525
6970
7260
5671
9302
7693
7548
2330
2321
2860
5206
1752
5812
4412
6313
9317
1719
6138
8192
7486
8633
5039
6254
7124
7320
1999
4159
6345
8205
217
1805
4387
4691
1157
2715
8472
4020
7480
6321
2208
1773
5057
9438
3186
5653
8061
1082
4392
468
3721
9029
9413
6811
8052
1487
5155
9243
1588
6093
1970
667
8918
7959
5403
4267
5972
5803
2883
1291
4449
3964
7940
1619
447
9660
9184
2721
7834
1790
5721
9336
8006
170
6055
5265
7894
9655
84
9381
243
8113
1968
1637
8144
3271
9986
3170
4677
4029
4628
1455
2961
4479
2207
8194
1619
9226
6121
7770
3665
4620
678
1088
8120
6061
6122
2971
3250
7314
8168
6739
4176
2359
2539
9178
8658
4408
6313
3083
1629
4635
7083
1487
4534
2341
3274
8492
4488
7038
2077
2070
6319
4406
8870
3426
1527
3483
1711
5395
8847
2400
8017
6347
452
9204
5424
4510
6881
5843
3154
9157
1449
8789
5077
3041
9891
6358
2460
1403
9150
5705
2549
5722
3724
5884
6133
6236
6891
7687
1358
1281
4545
310
4183
1437
3767
3364
61
1667
4669
1952
5611
9696
1062
4940
4744
5240
8970
4229
5636
8596
5407
6665
5030
7521
1255
2893
2222
2625
1259
243
1600
7138
1231
3693
4654
8287
6686
2187
4970
4798
9800
2749
1807
4827
129
3654
8084
4532
6030
7496
6360
168
7401
8349
2163
6018
8902
8491
9807
8825
298
9784
3158
6625
4277
3075
8802
929
996
6228
1319
4529
2649
9880
1251
5975
8599
1629
7755
9284
652
7765
2524
3577
9768
8649
1114
6284
5564
8838
3514
4750
2289
4974
1898
800
3303
4856
9743
9589
428
8848
6734
4041
3542
6761
7329
5337
5829
2443
3410
5119
9577
7495
2549
5203
1885
5184
520
7403
3880
5333
8665
5479
5178
9866
7077
9026
2137
6474
8229
16
2930
752
8692
3649
1061
3702
6225
2485
8883
5966
2498
2900
5524
3131
292
6852
3055
8845
7814
8800
607
6853
5841
2402
7940
7237
4361
6575
1369
7368
3042
6032
3210
9807
4993
1493
2612
4034
460
470
9263
8185
1036
5361
2
4898
9042
9044
6875
342
3629
4149
214
1829
2545
9969
4952
1728
306
6541
6916
3931
9237
2965
1172
4306
4316
7400
2769
5219
6773
62
5139
8619
8276
6339
5195
7353
5263
6090
3376
583
1831
2533
1339
7253
5927
2669
6820
9872
1672
6876
1175
5010
6074
4316
6444
7751
6528
6039
7564
4115
7051
9308
8329
3451
5065
8699
5104
4006
9816
1117
338
5142
3463
4008
3309
2779
7893
1279
9478
3108
9310
3324
7035
5079
2213
9293
1898
9751
1993
1146
784
2486
2010
8079
7816
8848
4532
8539
6817
8960
8443
3955
1872
8834
7402
1937
7673
6505
5989
9853
242
6083
6369
4311
8140
4276
1160
432
1173
8447
3276
9549
3558
1409
9499
3172
8553
1600
5890
177
1051
5290
233
3155
876
9101
5424
3368
2905
5336
359
7823
9530
1119
1072
8053
6252
7693
7167
5233
7340
9539
6889
5774
2282
2771
7665
9982
4169
1505
6391
4247
3324
3585
81
866
8796
87
7149
9875
6768
1209
7550
4889
5321
4797
8564
8467
7457
8888
7628
7893
7102
6353
9565
94
9836
9653
126
6332
8124
1076
2729
9250
2315
4588
7572
2403
295
217
7816
7012
2926
3481
899
7885
3263
3869
6262
132
9724
3710
9666
1892
4028
8083
1918
7175
387
6971
1768
760
341
1757
9506
9361
2519
7822
9338
3376
3127
3116
7518
475
6750
4587
928
2021
7428
6964
7753
8368
878
6261
3728
8988
8404
7997
3467
4503
5397
2589
3400
2403
4378
1117
833
8798
416
3227
8844
7318
8172
8859
1682
3559
670
1283
9155
5146
404
360
8617
2067
4183
6695
3452
4342
1895
2986
2964
5057
5310
6027
6004
8010
7487
3393
3229
4102
4944
5624
2317
4555
4692
154
922
2901
5562
5496
6672
2180
8254
2213
4483
9524
7596
2800
9961
1709
9870
8893
8498
5033
2436
305
115
3188
8552
5253
3230
3978
6738
1177
525
1564
9960
3597
6317
7596
7446
7088
2452
970
6349
9215
2068
2793
1620
7583
9757
575
652
6624
4479
1631
9014
9793
5360
5470
2576
9080
5738
1800
8503
2953
1436
7906
4072
8461
8302
1347
6549
1473
7436
4128
3795
7014
1380
863
4495
4322
1787
2304
4001
5620
5757
3228
1728
8039
2484
5862
5717
2562
7641
7267
6810
2712
9239
1006
9183
2708
3068
6417
5906
9153
7867
2824
308
3054
7233
8188
3414
1350
213
9796
6016
8667
7589
9633
8729
4759
8686
5371
3711
7879
599
2289
7122
1798
5826
7465
2853
2282
8901
8521
6516
6949
7032
207
7962
8962
7185
984
6736
7403
8999
4582
5872
1941
4843
2624
6861
3318
8606
519
2411
8787
1682
1287
2332
352
3379
1667
9490
3969
5302
7693
4124
2211
8859
1031
7026
6421
9851
3090
7981
9367
627
2173
40
1111
7550
229
3984
4781
718
163
3811
3124
2175
5725
3506
370
7840
1998
647
5207
446
4334
2613
1330
4675
9846
5028
4661
6991
2208
889
585
2381
6421
3102
3769
9940
1314
1490
3457
3608
1817
5775
8388
1070
6217
9910
244
6656
7513
6577
622
6166
166
8968
7053
3385
3792
470
2532
2807
1025
6195
7883
6262
9499
4964
3679
6324
7069
6169
3264
8680
1425
4643
9151
9307
446
9662
8410
3155
2731
1396
8170
1294
7017
671
3762
4833
8202
7694
4283
9161
6554
2135
3351
7548
3528
6251
2409
8370
5954
3279
2415
144
5735
9900
3286
5617
8658
5471
56
7349
9195
519
5119
7765
2613
3073
9979
2894
7328
3171
3584
609
9109
2988
4326
7990
9409
6426
3316
4494
2897
4780
7855
5100
2376
3375
1047
4113
7575
454
1350
4398
3592
4345
5776
9830
7851
8139
2001
7516
8370
9826
8663
5846
2156
8690
1290
5563
4656
4840
5557
2717
3028
7200
3836
8252
7266
3091
951
9818
6675
3271
1481
8976
4214
2150
2725
1288
5339
6902
1592
4408
8029
4378
8285
9043
9641
5151
6072
450
1584
9186
1460
7793
8078
5676
5501
3624
3912
6895
3177
4367
9674
7003
2730
7303
4478
9552
6660
8983
4663
3211
9554
5249
4472
3730
9914
9114
6360
8227
5862
9146
333
6954
4504
8077
8896
1351
275
7149
5867
9743
6606
8046
5780
3694
1006
5588
5372
4614
6043
658
9422
1770
1779
3974
3381
193
8723
1521
3133
8978
6467
6899
6415
3210
7995
6146
9564
210
2680
4197
1573
4918
9216
4674
2979
7867
8079
5124
5958
3330
2702
3249
8918
2220
87
9901
4674
2599
9296
2767
6603
1498
5607
6169
1522
5547
1186
7076
8690
7868
7533
4290
2369
8411
1029
7510
1604
974
6377
1648
1228
1606
7827
6607
7919
7442
6133
9533
4903
3583
4499
8441
8604
440
4384
260
6759
3855
9820
3073
5478
7944
1250
9677
792
3002
1480
3311
6834
4310
9712
7161
1749
4034
4922
832
6855
2719
7438
6280
6641
6495
1794
2424
7471
2714
6700
1407
730
9847
9327
6319
314
8469
2595
9030
7304
4470
1956
7921
3501
4943
248
8115
3755
9142
9470
1118
4323
4869
149
8338
1964
2658
5647
2749
9501
5197
5777
1921
8971
9826
2999
777
4868
816
3142
222
9395
6446
5404
522
6725
2776
2972
2388
3702
7220
319
4629
5781
8005
7663
8680
6598
7172
8453
1290
1287
5542
6533
2403
888
5116
5970
6946
7801
2485
7166
2991
1770
5807
5848
6820
4854
48
5339
4703
1674
5675
1438
7545
4048
7748
1180
1111
3416
9884
1230
3259
1110
75
6128
3575
6465
988
7878
6665
992
2402
3333
5944
5741
4615
7581
6656
7670
9372
243
4017
3998
6978
8561
6739
9158
1491
7749
5260
7161
8511
8073
9456
7038
1623
3483
2525
7817
6423
4982
1874
4024
1095
6906
8179
4971
6282
86
34
2214
1057
4145
8834
5232
7811
6216
7433
5775
5537
2344
6071
7452
7488
4630
999
4089
3365
5951
8901
6852
9193
451
9234
9203
9199
7414
510
5167
6691
1550
4417
1714
1042
1148
8670
2509
290
6451
750
5789
8854
5276
132
352
8978
9257
7291
7007
8426
6536
775
412
4954
4120
9233
5340
7176
3677
7632
614
9038
9191
959
4808
4451
4872
9772
7168
3312
5873
4586
8977
9984
8442
3328
876
9040
9773
3324
3193
9170
7194
5689
471
60
919
7466
2616
7528
8521
7242
2083
7299
5020
963
7357
9763
7857
8569
2937
9155
1732
3361
2015
6370
3188
7452
6727
6013
7647
782
1749
3815
593
387
728
5241
8263
403
1426
1401
5559
2753
8913
5506
4150
5478
2898
8593
8774
7292
3530
2856
4212
4766
3964
3685
8569
7603
6069
9824
8284
6313
7420
1673
3209
3563
1988
7747
6862
2251
7104
4012
5695
7692
7724
4638
5963
3026
7341
6098
9245
9913
4651
1000
7270
7467
112
1758
5492
6966
2348
2438
6671
3631
3834
3117
6881
9941
9702
2763
8337
560
5969
2874
3564
9995
5868
4756
6253
5713
6491
9072
8474
8178
3339
3318
3536
565
5456
563
159
2904
1566
3461
682
4917
5278
8682
4356
8983
7124
6454
5250
6576
4592
4853
8434
112
9359
5309
4294
1393
4127
8923
1733
5859
1195
4752
3568
5080
4954
650
7063
6230
5032
6897
8169
7062
4126
4471
1145
659
1711
3551
2683
4347
2542
6527
9279
5834
1883
1709
887
3129
9744
2830
826
442
3878
7166
4437
8210
255
471
5548
3894
6139
8313
9070
7224
8890
3528
7191
3264
9223
8644
1656
2992
942
2365
9015
8304
2507
7984
9254
3141
3709
6613
4743
2531
2910
3621
8985
688
6361
3480
5894
1685
6288
3144
1846
1125
5817
6690
6431
392
4236
4163
1513
886
5582
7213
1868
7393
2336
450
6911
2513
9961
3216
7041
9529
6397
8616
4929
5321
4773
3632
1571
8757
2250
5413
3873
661
3218
2566
348
5192
8349
6252
1476
6177
6356
1362
9925
6661
4097
1121
6134
7418
6646
4394
5498
9116
6242
2481
1464
231
6557
153
8433
1677
4185
2346
1423
3195
1989
660
6813
131
1640
7330
2244
4976
5983
481
166
1377
669
5314
9654
6942
1707
8078
6917
2823
8517
150
6282
92
328
4950
8995
3449
8843
1479
6241
5963
4630
9954
3442
348
4982
1292
8351
4864
7730
156
1722
7703
7061
5833
4947
5310
7915
4729
5271
6756
3988
7761
2701
8916
1724
1896
9469
6744
1835
9994
2233
4259
3615
2735
6225
5119
5616
639
8411
6575
771
8532
7313
4421
9236
4488
4254
9395
9765
3517
260
7154
734
3130
2441
6664
4632
323
2906
9023
9256
3388
3486
6829
918
7023
2168
5586
1988
4176
4602
6269
6177
6151
9664
6332
4797
5472
9527
5893
312
5476
6551
6270
3810
4041
2759
3649
8666
9886
8256
8675
5798
1100
4494
9277
7909
2177
1392
8984
3428
8724
7375
701
4740
217
3652
2295
3692
3974
9942
3761
375
3267
5572
3581
1695
4603
3988
3026
1547
158
2939
915
6385
3578
5953
8354
649
6763
5896
5989
9106
9298
8344
9320
7002
7639
2378
8668
1291
3476
3830
572
1935
5806
2174
492
854
9986
6104
5813
7164
7897
2350
3168
8528
1049
1690
1090
789
8515
3035
9309
7068
9071
3698
2948
4602
9860
6881
3144
962
397
7348
5147
731
5340
177
4616
5499
4471
1525
6090
197
2236
7614
2817
5058
6882
7991
2727
7140
5571
5653
644
8882
6796
2061
9876
1694
1762
4523
1333
1118
60
240
6759
3542
8815
6450
130
8642
481
1181
2399
5841
1708
5037
4431
8071
4754
8307
9997
3927
3443
1689
7305
4369
9754
5549
699
7731
9128
7839
7477
1253
513
5154
7449
5764
9599
1791
4549
7259
7825
6750
387
8179
1846
2203
6754
2744
6728
869
6369
5448
115
935
6708
7193
5764
3675
3163
6599
5514
7829
1584
7705
856
4570
7749
2080
6663
3498
3730
4571
1772
5158
6418
2143
966
1036
2300
9208
3564
5339
5289
96
548
769
4179
2119
4944
5712
2084
270
827
1453
1694
2075
6893
3438
7104
4764
4117
5764
4301
110
821
2394
1846
8803
7522
9095
5666
5871
2766
9790
1670
7623
6704
9542
9154
3133
3641
654
2948
6210
7667
9311
9475
449
4404
5674
2443
7242
8717
2328
3818
1082
6478
621
7239
3747
3058
476
6053
7625
2032
2479
5610
2593
2751
6850
3679
7967
5020
4039
3233
5591
9458
2801
8296
7367
2968
5876
3538
7868
8793
4280
4110
9985
7983
3580
7782
3516
8809
1216
9516
8676
6773
7098
7009
4743
8942
4624
4545
5591
3887
3969
4766
4218
7900
8847
3032
3765
8416
1229
4427
2129
7987
1220
1328
7714
5864
3704
6538
9327
4
3301
9150
8677
366
6002
9199
1371
172
5615
8748
6421
789
9239
124
4780
2156
1456
7610
2817
1090
9125
3711
8227
7250
6477
7605
8166
6783
8548
6224
7838
4373
8430
766
5062
6903
2164
8781
1880
1057
1122
6313
2342
4073
4570
4816
7078
7429
847
1698
256
3303
9724
5660
2678
6395
439
5697
9403
5631
1069
9931
1269
5708
4039
3335
8679
7242
8587
7645
3262
1009
5584
8534
1029
4891
6875
4530
2218
2617
987
2461
3688
452
2650
4941
6117
5993
7932
2116
7
4152
1320
1937
6672
2133
3331
9178
7725
3310
3803
621
2502
12
8858
4079
3743
7509
9715
3465
39
511
7868
725
5294
5566
5457
4755
9117
5160
3727
2174
8804
1071
7242
49
382
6818
3835
6251
2881
6213
9565
7978
4147
9126
2194
7922
1680
5221
4035
1914
7350
2323
7767
1190
6186
4358
482
3908
5064
2852
5246
5114
4036
1847
6371
3376
5778
3426
5282
6502
3405
8431
4123
6722
7404
4884
288
5481
4706
3146
7078
4934
6236
7947
6758
156
3074
7368
1304
6714
9355
5041
3902
2711
3236
9985
2390
2627
5735
1838
9680
4754
2796
2978
8702
7229
1557
7311
7063
7995
744
1882
1276
6586
5818
6850
6531
5778
1335
5270
3418
8178
417
4843
6312
5322
972
592
6842
585
9957
2345
1727
8907
7547
6067
142
8191
404
9260
5436
5774
6020
5393
8700
5272
9851
7300
6219
5261
5149
5460
4516
3584
6470
8583
9885
1967
3625
5461
4115
5118
9094
5371
3565
3323
230
2582
9325
8980
791
3551
4455
24
4321
6643
8096
3556
8856
6800
1032
7749
6617
2866
3156
6515
6263
8989
5701
9942
2028
1492
2082
276
8489
182
5126
9288
9838
8213
5266
320
5971
1403
5704
8870
9771
64
637
9663
1755
2943
8482
9983
5688
3634
2364
6559
4480
2741
9929
4243
4318
6410
766
7252
8703
9106
2501
8158
6471
6980
9733
294
8823
7684
6572
3555
8103
3852
920
9727
3621
5979
9324
7079
7989
1959
2624
7514
1120
1477
4135
5481
3973
456
9818
4520
5681
8159
6633
5244
2255
2843
1705
5487
9391
1616
6440
6152
7220
751
6119
7522
6103
1299
8182
819
3976
858
9804
4271
3458
9251
4687
792
4405
5892
4032
5178
7679
518
5298
7967
9197
7197
5026
4312
5958
1131
7657
1201
5741
7521
940
4964
9718
5209
3633
5723
7060
9771
1979
5960
7733
2429
7823
3174
1392
5651
1332
4533
5520
6903
151
5836
6462
6787
5893
2298
8347
7440
8359
3550
9758
1380
8077
9010
7297
2205
4815
3146
2544
9266
8003
2514
7671
9127
5976
5452
9908
4535
3546
6486
2259
3063
8635
4110
9298
9592
883
5886
5266
2745
3241
5927
5495
6700
4477
8824
9245
9719
4329
3652
1808
2562
3406
5926
9558
2186
6078
4775
6210
4814
2827
657
8265
471
9396
5114
9495
2718
3791
6113
3875
7071
7240
1147
4410
1792
9428
4590
7356
1768
7151
9568
5210
4671
8044
8071
3076
4330
3813
7489
6398
1220
1347
9893
2562
1999
6208
5336
1733
4071
1950
8640
9220
9845
9774
2963
7814
2845
6872
6085
5688
8486
4267
6837
3980
5768
7904
3744
9765
5791
4094
1946
8656
9819
4568
107
4309
5032
154
6496
5622
9152
3434
1073
3244
9009
4553
5800
5580
8438
4803
7085
8417
7172
6487
4947
6002
5843
9740
4490
5167
6210
1719
2205
1465
3632
9361
6307
6888
2720
3498
2396
1564
5879
2736
6639
2571
1192
2020
8389
8028
1237
3629
7434
9504
4514
388
7751
3260
6174
4039
4493
4847
67
9772
5994
9663
6365
1459
7742
9470
3182
218
3922
9131
5575
4680
2486
8029
1015
8455
8365
7676
5494
42
7276
2997
2935
770
9201
5327
7403
6639
8274
8341
7982
4038
4064
8637
241
1494
4555
2763
17
3478
3568
7184
9866
8373
162
6614
5633
8214
3423
4722
1236
8263
2621
4648
9707
5173
8383
1788
6523
7612
8916
4912
8380
3056
1724
2627
9841
9802
6696
1735
759
4522
8607
5418
9554
2564
1735
954
7390
4707
3950
3412
9508
3135
6749
3601
2829
4972
9465
5512
7805
372
3871
1376
3948
3624
4926
6975
56
9811
9058
9362
6132
6917
9550
822
1487
6301
1827
1782
9048
8254
5380
7962
1139
7916
8771
8612
7525
2710
2034
8544
8465
4368
205
9671
4271
7777
4299
9758
2131
3925
1006
5761
6690
5377
7820
5065
8985
4158
7875
3670
5052
3702
8346
8289
9728
9761
9033
7450
86
9171
5766
1435
355
1699
2750
6501
6437
8869
7963
2608
3314
1096
5792
5687
2395
457
5547
5714
5015
1495
3156
8519
7454
9647
2743
5297
8154
404
666
9240
9155
7776
7634
5746
1135
455
5876
2693
6505
2299
5970
6726
6692
4806
7546
3574
603
2053
345
6790
2596
1641
173
2307
7365
7432
3817
204
5632
2931
5329
3723
6956
3388
806
8940
5154
5658
1829
9914
5825
5345
3524
5959
4114
9069
8654
2192
2808
7709
1692
5821
5849
7354
3081
9596
4735
3328
9010
6032
4054
8530
3511
6063
8538
604
8152
5597
8554
2757
97
3422
7160
5314
2150
7710
9820
7997
7870
9859
298
6556
1799
9162
4055
4701
8395
9715
8916
3646
8412
7880
4372
6148
4849
6977
7789
3289
2767
1017
5656
6561
5436
574
914
9955
5416
5659
1895
1237
4637
1839
8568
8631
670
3801
2171
1216
7378
7027
4962
1979
4884
8017
681
1610
4010
7905
8824
8844
9370
9565
8499
1729
5849
2230
9056
5692
6835
7665
2847
8296
421
7125
8566
6096
8809
96
3274
2811
4563
3384
1720
7264
7295
6018
7510
9098
7676
2019
8873
564
7460
6997
3491
9186
1367
3074
9176
7036
5987
4973
8021
2406
4152
6761
5609
908
3118
6756
5386
3383
9041
4665
405
1894
1330
7462
64
2654
2346
1342
790
4708
8012
675
4872
2522
3802
1650
1466
7495
1572
264
7870
4281
8926
3367
4624
2813
5117
6761
8639
6841
2957
6898
4457
80
4429
3440
6095
8444
1142
1792
5983
6256
847
1111
7387
2982
6797
7236
5844
5391
1613
4928
1733
2321
2242
2699
6745
3785
1855
9751
5739
8163
605
2747
403
3669
7799
1768
5466
4920
365
9597
2738
881
3967
8819
6844
3860
5267
6953
8336
9027
3244
7273
5484
3208
1734
1180
8550
2289
7048
1124
1768
5286
7405
228
6308
5054
454
3773
1352
626
3474
3034
3427
1932
6727
4565
1963
4055
1966
4945
1266
6256
1732
3112
2261
6301
4958
9115
3168
246
8579
769
8291
6862
7392
3374
1752
8025
9254
129
4376
407
120
8130
8126
4218
2879
5437
2031
8373
8192
8691
1119
227
2249
7290
4975
5823
993
3059
1930
400
1489
6410
4206
347
8417
392
4890
9973
988
1234
7889
6614
9387
2867
7131
2221
3214
3306
7939
1746
8466
4190
8128
7961
4053
6009
824
5759
9265
3348
1060
3220
476
8687
9829
121
3284
2173
7862
9378
3601
2416
3515
9274
2330
6407
8856
6693
5995
8029
6926
8599
9330
5645
1960
9340
9497
8002
4428
2057
2780
4969
4671
9452
4232
7673
2970
1778
8593
4631
6137
2540
5803
5255
2589
6515
8196
4173
8152
5186
1725
5129
9631
2986
552
373
2775
6775
7034
3846
1955
9627
2307
3094
5457
2219
6116
2199
7224
3275
18
9817
5687
5612
6331
5314
4199
4958
5722
7443
7418
8295
9881
4039
8777
3357
3103
6060
1566
1107
6957
3619
4873
3466
9162
8765
107
7913
7167
4303
4869
4840
8465
2938
9863
4807
4751
3899
5943
2523
2852
6137
8129
7245
7405
9245
9634
8598
5801
5380
1126
275
7975
1624
1030
8828
5263
850
9240
6663
6535
1733
6707
2652
7413
6069
3592
868
1917
3574
4971
4881
9948
1949
3575
4535
5981
7751
5235
8210
9312
8737
3687
7389
3869
17
1690
9708
5446
6554
512
6830
7415
6639
1264
7027
9539
2525
436
4324
7221
7697
1737
7980
9346
3580
8846
1170
5245
515
7094
6345
4052
8599
3380
1062
3121
3686
1647
592
1820
1369
7788
6984
4578
1257
4604
4888
8211
5254
7488
4514
2914
2707
3017
6871
7302
5500
459
1205
616
213
9102
2130
7546
1389
3773
8235
8072
6125
2710
5455
8280
4413
8253
4024
55
854
2670
8894
4591
7476
4708
9366
6208
3853
2338
4796
220
381
6385
4954
8633
4549
1100
9610
437
6787
3392
926
9705
286
773
1616
1242
3211
844
1909
5686
2583
1075
8191
2764
12
3164
7898
5312
6846
3904
6486
1681
310
3630
1095
9007
3248
5108
3995
9854
7768
579
6469
5110
3025
5165
7151
6859
5450
2605
8140
1721
6354
6900
2658
9410
2930
1902
4027
1718
9286
6010
9628
5832
1180
3564
1115
1010
1656
759
8578
365
628
2578
3268
6853
4526
8503
16
7631
8580
9548
2432
8043
9526
52
3524
989
2315
6376
9365
3180
1160
9048
4722
8999
4771
4797
53
4486
9101
700
2142
